#=====================================================
# File created:        Sat-22-Feb-2025-at-05-31-28PM
# Size of lattice:     150x150
# Number of MC steps:  500
# Reduced temperature: 0.500
# Run time (s):        1.281241
#=====================================================
# MC step:  Ratio:     Energy:   Order:
#=====================================================
   00000    0.5000  -22273.1690  0.2531
   00001    0.6965  -34758.4857  0.2505
   00002    0.6250  -42236.4290  0.2545
   00003    0.5904  -47739.6640  0.2545
   00004    0.5485  -51887.0678  0.2555
   00005    0.5286  -55060.1413  0.2537
   00006    0.5130  -57527.6834  0.2519
   00007    0.4983  -59705.9608  0.2517
   00008    0.4835  -61421.8455  0.2548
   00009    0.4744  -62801.9229  0.2575
   00010    0.4734  -63996.2474  0.2591
   00011    0.4710  -64964.9193  0.2605
   00012    0.4636  -65904.0936  0.2612
   00013    0.4594  -66397.9202  0.2622
   00014    0.4595  -67044.4290  0.2637
   00015    0.4562  -67504.0332  0.2625
   00016    0.4456  -68131.1249  0.2646
   00017    0.4432  -68750.6965  0.2648
   00018    0.4437  -69135.0568  0.2651
   00019    0.4394  -69648.5489  0.2666
   00020    0.4451  -69929.9156  0.2659
   00021    0.4395  -70215.3617  0.2659
   00022    0.4396  -70439.5101  0.2674
   00023    0.4300  -70720.9364  0.2702
   00024    0.4314  -70737.9136  0.2714
   00025    0.4413  -70799.7824  0.2720
   00026    0.4368  -70925.6329  0.2721
   00027    0.4363  -71175.7213  0.2718
   00028    0.4324  -71419.5225  0.2703
   00029    0.4373  -71607.5614  0.2709
   00030    0.4385  -71772.5038  0.2723
   00031    0.4308  -71850.7139  0.2717
   00032    0.4293  -71992.7191  0.2743
   00033    0.4340  -72149.8146  0.2732
   00034    0.4272  -72268.2638  0.2718
   00035    0.4290  -72409.0323  0.2713
   00036    0.4254  -72481.0027  0.2700
   00037    0.4277  -72573.8777  0.2680
   00038    0.4282  -72637.2843  0.2678
   00039    0.4262  -72757.2026  0.2675
   00040    0.4273  -72793.3861  0.2664
   00041    0.4271  -72951.1364  0.2651
   00042    0.4236  -73019.7412  0.2630
   00043    0.4249  -73066.6080  0.2610
   00044    0.4267  -73159.5040  0.2595
   00045    0.4302  -73220.9789  0.2585
   00046    0.4310  -73186.3979  0.2567
   00047    0.4227  -73169.5562  0.2554
   00048    0.4295  -73304.8662  0.2545
   00049    0.4209  -73307.1715  0.2559
   00050    0.4261  -73352.9064  0.2561
   00051    0.4243  -73288.0352  0.2572
   00052    0.4276  -73482.7852  0.2582
   00053    0.4278  -73533.2869  0.2559
   00054    0.4273  -73669.7938  0.2574
   00055    0.4249  -73709.4848  0.2587
   00056    0.4211  -73790.4347  0.2593
   00057    0.4248  -73863.7509  0.2644
   00058    0.4239  -73847.5298  0.2650
   00059    0.4211  -73973.4670  0.2648
   00060    0.4240  -74039.6798  0.2650
   00061    0.4229  -74104.6496  0.2659
   00062    0.4225  -73975.3022  0.2661
   00063    0.4257  -73928.1924  0.2669
   00064    0.4173  -73865.0246  0.2667
   00065    0.4279  -73923.7515  0.2641
   00066    0.4244  -74069.1741  0.2643
   00067    0.4220  -74203.4207  0.2622
   00068    0.4092  -74365.6848  0.2621
   00069    0.4236  -74465.8158  0.2602
   00070    0.4163  -74377.6502  0.2623
   00071    0.4208  -74412.1520  0.2625
   00072    0.4182  -74395.0067  0.2630
   00073    0.4264  -74481.7971  0.2626
   00074    0.4212  -74420.2916  0.2616
   00075    0.4184  -74756.5967  0.2621
   00076    0.4212  -74550.0673  0.2626
   00077    0.4218  -74482.6461  0.2633
   00078    0.4164  -74612.1718  0.2660
   00079    0.4178  -74600.6373  0.2674
   00080    0.4181  -74714.0938  0.2676
   00081    0.4192  -74685.4199  0.2664
   00082    0.4165  -74701.9763  0.2679
   00083    0.4150  -74719.2965  0.2677
   00084    0.4204  -74766.1090  0.2685
   00085    0.4216  -74859.9117  0.2685
   00086    0.4173  -74815.2561  0.2664
   00087    0.4172  -74833.4131  0.2676
   00088    0.4125  -74792.2096  0.2678
   00089    0.4148  -74701.9205  0.2680
   00090    0.4211  -74655.4067  0.2685
   00091    0.4207  -74781.6821  0.2689
   00092    0.4159  -74715.5432  0.2672
   00093    0.4126  -74735.8729  0.2682
   00094    0.4173  -74761.0944  0.2668
   00095    0.4184  -74705.5465  0.2655
   00096    0.4158  -74815.1000  0.2652
   00097    0.4215  -74921.2923  0.2647
   00098    0.4152  -74911.7634  0.2687
   00099    0.4180  -74963.9824  0.2679
   00100    0.4203  -74865.4279  0.2642
   00101    0.4148  -74851.9173  0.2633
   00102    0.4194  -74894.3679  0.2647
   00103    0.4166  -74949.9239  0.2643
   00104    0.4196  -75000.2616  0.2626
   00105    0.4224  -75088.5849  0.2629
   00106    0.4176  -75074.4822  0.2632
   00107    0.4151  -75089.8458  0.2624
   00108    0.4174  -75011.2691  0.2648
   00109    0.4132  -74928.1427  0.2657
   00110    0.4172  -75065.3283  0.2668
   00111    0.4127  -75079.1189  0.2651
   00112    0.4170  -75023.5259  0.2667
   00113    0.4150  -74929.0671  0.2676
   00114    0.4188  -74894.0639  0.2675
   00115    0.4191  -74914.9124  0.2703
   00116    0.4164  -74923.3141  0.2698
   00117    0.4120  -74917.6562  0.2694
   00118    0.4241  -74745.8864  0.2722
   00119    0.4205  -74853.7135  0.2747
   00120    0.4149  -75037.5850  0.2774
   00121    0.4242  -75115.4161  0.2815
   00122    0.4168  -75040.4285  0.2821
   00123    0.4202  -75012.9068  0.2822
   00124    0.4224  -74881.8254  0.2805
   00125    0.4185  -74939.1117  0.2804
   00126    0.4176  -74980.9012  0.2814
   00127    0.4193  -75042.3476  0.2814
   00128    0.4125  -75160.5632  0.2810
   00129    0.4136  -75177.0708  0.2805
   00130    0.4180  -75276.9532  0.2804
   00131    0.4143  -75337.3207  0.2794
   00132    0.4115  -75257.8154  0.2796
   00133    0.4137  -75329.8291  0.2800
   00134    0.4140  -75437.5353  0.2803
   00135    0.4191  -75303.2425  0.2826
   00136    0.4216  -75398.3813  0.2818
   00137    0.4192  -75310.9865  0.2828
   00138    0.4189  -75305.6182  0.2821
   00139    0.4174  -75358.7864  0.2873
   00140    0.4179  -75351.0447  0.2876
   00141    0.4138  -75368.4078  0.2842
   00142    0.4157  -75320.3704  0.2836
   00143    0.4157  -75234.0266  0.2828
   00144    0.4224  -75212.6338  0.2827
   00145    0.4171  -75234.6882  0.2828
   00146    0.4135  -75256.2791  0.2839
   00147    0.4158  -75308.1690  0.2854
   00148    0.4204  -75391.0808  0.2846
   00149    0.4182  -75422.5320  0.2853
   00150    0.4158  -75442.1277  0.2825
   00151    0.4202  -75355.4715  0.2811
   00152    0.4195  -75322.6714  0.2814
   00153    0.4168  -75278.2869  0.2811
   00154    0.4120  -75381.0216  0.2804
   00155    0.4164  -75356.6520  0.2813
   00156    0.4111  -75284.1399  0.2825
   00157    0.4147  -75275.3850  0.2861
   00158    0.4172  -75448.3134  0.2876
   00159    0.4129  -75487.2613  0.2856
   00160    0.4148  -75513.6060  0.2860
   00161    0.4199  -75525.7313  0.2866
   00162    0.4104  -75468.5045  0.2876
   00163    0.4192  -75569.2698  0.2862
   00164    0.4223  -75592.0842  0.2844
   00165    0.4168  -75584.3919  0.2836
   00166    0.4093  -75500.3609  0.2817
   00167    0.4089  -75590.2451  0.2819
   00168    0.4176  -75563.9424  0.2817
   00169    0.4148  -75685.9344  0.2837
   00170    0.4160  -75673.1853  0.2849
   00171    0.4171  -75669.7522  0.2842
   00172    0.4105  -75641.1974  0.2852
   00173    0.4203  -75716.2733  0.2841
   00174    0.4165  -75632.0154  0.2869
   00175    0.4210  -75628.5142  0.2884
   00176    0.4168  -75570.0201  0.2897
   00177    0.4137  -75597.3050  0.2903
   00178    0.4188  -75412.9393  0.2901
   00179    0.4137  -75398.9422  0.2877
   00180    0.4178  -75339.3172  0.2865
   00181    0.4190  -75494.9609  0.2835
   00182    0.4163  -75596.4855  0.2844
   00183    0.4185  -75482.6115  0.2848
   00184    0.4142  -75633.4432  0.2850
   00185    0.4171  -75735.8085  0.2860
   00186    0.4147  -75608.1136  0.2888
   00187    0.4171  -75651.9981  0.2897
   00188    0.4135  -75617.0631  0.2909
   00189    0.4180  -75639.7459  0.2921
   00190    0.4152  -75764.8798  0.2941
   00191    0.4160  -75759.7974  0.2931
   00192    0.4137  -75644.2752  0.2918
   00193    0.4120  -75659.6425  0.2932
   00194    0.4109  -75634.0231  0.2926
   00195    0.4110  -75605.8286  0.2926
   00196    0.4164  -75567.1139  0.2924
   00197    0.4125  -75513.8743  0.2958
   00198    0.4172  -75541.5667  0.2930
   00199    0.4107  -75583.5043  0.2928
   00200    0.4173  -75651.9234  0.2938
   00201    0.4088  -75818.9755  0.2951
   00202    0.4146  -75780.3296  0.2965
   00203    0.4107  -75779.3451  0.2979
   00204    0.4138  -75911.4033  0.2972
   00205    0.4154  -75746.2221  0.2968
   00206    0.4161  -75762.1563  0.2939
   00207    0.4183  -75748.2127  0.2947
   00208    0.4210  -75652.0966  0.2951
   00209    0.4205  -75610.8087  0.2941
   00210    0.4160  -75662.7754  0.2974
   00211    0.4135  -75678.3800  0.2968
   00212    0.4185  -75543.2030  0.2975
   00213    0.4174  -75600.4912  0.2979
   00214    0.4126  -75661.6015  0.3009
   00215    0.4148  -75672.0476  0.2982
   00216    0.4157  -75768.7096  0.2983
   00217    0.4144  -75759.7370  0.2991
   00218    0.4161  -75805.1147  0.2982
   00219    0.4147  -75763.4396  0.3002
   00220    0.4179  -75816.3266  0.3009
   00221    0.4098  -75918.6507  0.3004
   00222    0.4149  -75984.8647  0.3037
   00223    0.4080  -76192.1841  0.3048
   00224    0.4115  -76083.7869  0.3080
   00225    0.4141  -76081.5627  0.3090
   00226    0.4162  -76091.4650  0.3077
   00227    0.4209  -76147.0106  0.3057
   00228    0.4163  -76058.4245  0.3075
   00229    0.4146  -76119.8635  0.3042
   00230    0.4113  -76016.5740  0.3040
   00231    0.4194  -76060.3395  0.3036
   00232    0.4178  -75920.4968  0.3027
   00233    0.4113  -75970.2581  0.3024
   00234    0.4111  -75951.7769  0.3039
   00235    0.4092  -75979.0429  0.3053
   00236    0.4106  -75991.2975  0.3051
   00237    0.4100  -76077.2573  0.3037
   00238    0.4147  -75982.5110  0.3031
   00239    0.4152  -76115.4790  0.3018
   00240    0.4190  -76149.5985  0.3003
   00241    0.4107  -76183.7654  0.3001
   00242    0.4117  -76133.1661  0.3000
   00243    0.4138  -76062.5348  0.3008
   00244    0.4139  -76042.1533  0.3016
   00245    0.4155  -75878.4610  0.3032
   00246    0.4117  -75926.1081  0.3022
   00247    0.4154  -75947.2114  0.3035
   00248    0.4112  -75858.3405  0.3044
   00249    0.4158  -75911.2535  0.3059
   00250    0.4129  -76182.8631  0.3066
   00251    0.4115  -76146.9461  0.3069
   00252    0.4144  -75932.2918  0.3068
   00253    0.4102  -76005.3891  0.3080
   00254    0.4089  -76009.5138  0.3068
   00255    0.4188  -75962.0258  0.3075
   00256    0.4093  -75982.3403  0.3074
   00257    0.4155  -75995.6254  0.3056
   00258    0.4172  -76082.6776  0.3067
   00259    0.4168  -75957.4583  0.3071
   00260    0.4179  -76061.0253  0.3080
   00261    0.4116  -76015.0790  0.3064
   00262    0.4150  -75960.5247  0.3039
   00263    0.4176  -76142.4662  0.3024
   00264    0.4162  -76192.9535  0.3024
   00265    0.4126  -76147.4423  0.3013
   00266    0.4172  -76137.1158  0.3027
   00267    0.4108  -76076.6367  0.3044
   00268    0.4107  -76076.7010  0.3044
   00269    0.4163  -75984.2310  0.3041
   00270    0.4148  -76133.4846  0.3049
   00271    0.4180  -76096.8747  0.3048
   00272    0.4060  -76144.2636  0.3044
   00273    0.4164  -76152.8247  0.3027
   00274    0.4168  -76152.4357  0.3039
   00275    0.4105  -76098.5215  0.3046
   00276    0.4156  -75973.1847  0.3042
   00277    0.4108  -75964.1043  0.3042
   00278    0.4198  -76265.3433  0.3047
   00279    0.4165  -76067.0226  0.3057
   00280    0.4134  -76115.9070  0.3068
   00281    0.4164  -76048.6711  0.3087
   00282    0.4137  -76045.3037  0.3095
   00283    0.4144  -75944.9838  0.3092
   00284    0.4110  -75920.2211  0.3073
   00285    0.4173  -75900.6077  0.3085
   00286    0.4173  -75916.2527  0.3069
   00287    0.4129  -75669.3495  0.3072
   00288    0.4108  -75806.7204  0.3072
   00289    0.4174  -75819.7142  0.3058
   00290    0.4216  -75913.9047  0.3040
   00291    0.4126  -76097.8172  0.3040
   00292    0.4069  -76033.3934  0.3046
   00293    0.4104  -76184.3434  0.3054
   00294    0.4170  -76250.6429  0.3090
   00295    0.4102  -76401.5045  0.3110
   00296    0.4131  -76295.6171  0.3097
   00297    0.4104  -76371.2573  0.3111
   00298    0.4091  -76373.2983  0.3111
   00299    0.4126  -76352.2045  0.3105
   00300    0.4148  -76339.1661  0.3118
   00301    0.4092  -76435.3215  0.3123
   00302    0.4117  -76331.0449  0.3133
   00303    0.4117  -76341.2289  0.3158
   00304    0.4060  -76478.1008  0.3160
   00305    0.4097  -76420.0651  0.3146
   00306    0.4132  -76261.9724  0.3146
   00307    0.4144  -76170.2217  0.3127
   00308    0.4202  -76170.2059  0.3133
   00309    0.4168  -76253.8306  0.3145
   00310    0.4126  -76167.2192  0.3140
   00311    0.4120  -76207.1922  0.3150
   00312    0.4090  -76274.6823  0.3164
   00313    0.4188  -76241.3379  0.3169
   00314    0.4168  -76291.2387  0.3133
   00315    0.4144  -76290.1329  0.3138
   00316    0.4137  -76239.4152  0.3111
   00317    0.4182  -76254.3625  0.3085
   00318    0.4149  -76359.5751  0.3085
   00319    0.4108  -76295.4388  0.3090
   00320    0.4157  -76323.4295  0.3089
   00321    0.4113  -76429.3867  0.3073
   00322    0.4158  -76372.6069  0.3080
   00323    0.4101  -76403.6307  0.3095
   00324    0.4090  -76387.7146  0.3102
   00325    0.4140  -76463.6657  0.3071
   00326    0.4086  -76486.8768  0.3067
   00327    0.4127  -76509.3588  0.3074
   00328    0.4116  -76399.8679  0.3083
   00329    0.4119  -76357.3432  0.3079
   00330    0.4154  -76439.7779  0.3075
   00331    0.4108  -76334.2641  0.3075
   00332    0.4158  -76441.4594  0.3089
   00333    0.4120  -76568.1026  0.3102
   00334    0.4115  -76496.9733  0.3098
   00335    0.4149  -76444.3070  0.3092
   00336    0.4122  -76381.4125  0.3079
   00337    0.4108  -76421.0901  0.3075
   00338    0.4147  -76511.4145  0.3095
   00339    0.4126  -76573.9889  0.3102
   00340    0.4157  -76568.4219  0.3089
   00341    0.4082  -76544.7997  0.3077
   00342    0.4105  -76607.2507  0.3098
   00343    0.4121  -76528.3109  0.3107
   00344    0.4124  -76374.5686  0.3109
   00345    0.4126  -76450.6631  0.3128
   00346    0.4100  -76335.5586  0.3123
   00347    0.4091  -76337.9405  0.3129
   00348    0.4142  -76205.6664  0.3129
   00349    0.4124  -76154.7637  0.3138
   00350    0.4030  -76300.9435  0.3159
   00351    0.4114  -76354.9832  0.3139
   00352    0.4108  -76322.2420  0.3141
   00353    0.4082  -76394.2808  0.3155
   00354    0.4104  -76380.5544  0.3145
   00355    0.4147  -76391.6222  0.3126
   00356    0.4155  -76471.4058  0.3134
   00357    0.4124  -76415.1809  0.3145
   00358    0.4159  -76178.7246  0.3136
   00359    0.4190  -76202.3049  0.3153
   00360    0.4149  -76339.1116  0.3147
   00361    0.4107  -76487.4607  0.3151
   00362    0.4079  -76529.0801  0.3177
   00363    0.4065  -76527.7532  0.3163
   00364    0.4204  -76445.1660  0.3155
   00365    0.4085  -76378.4723  0.3147
   00366    0.4091  -76444.4294  0.3144
   00367    0.4125  -76288.3411  0.3146
   00368    0.4151  -76450.0509  0.3136
   00369    0.4120  -76239.9847  0.3164
   00370    0.4121  -76309.4263  0.3157
   00371    0.4152  -76385.8389  0.3149
   00372    0.4141  -76391.4161  0.3135
   00373    0.4100  -76469.1743  0.3158
   00374    0.4121  -76433.3337  0.3153
   00375    0.4126  -76439.8007  0.3147
   00376    0.4132  -76419.8594  0.3168
   00377    0.4113  -76405.3492  0.3150
   00378    0.4212  -76425.9255  0.3141
   00379    0.4115  -76273.9018  0.3141
   00380    0.4099  -76310.7811  0.3128
   00381    0.4115  -76237.3506  0.3123
   00382    0.4088  -76225.3678  0.3128
   00383    0.4146  -76293.1299  0.3113
   00384    0.4119  -76327.1642  0.3096
   00385    0.4064  -76361.5779  0.3095
   00386    0.4147  -76236.2836  0.3086
   00387    0.4136  -76183.1887  0.3081
   00388    0.4091  -76237.8238  0.3118
   00389    0.4117  -76336.1013  0.3098
   00390    0.4158  -76412.9484  0.3105
   00391    0.4084  -76549.4133  0.3108
   00392    0.4131  -76588.9753  0.3115
   00393    0.4090  -76496.8294  0.3140
   00394    0.4115  -76663.4835  0.3129
   00395    0.4106  -76593.7112  0.3123
   00396    0.4141  -76580.7765  0.3144
   00397    0.4190  -76677.8705  0.3142
   00398    0.4032  -76515.9698  0.3137
   00399    0.4165  -76540.4692  0.3156
   00400    0.4056  -76544.8505  0.3161
   00401    0.4139  -76490.7546  0.3143
   00402    0.4089  -76491.9123  0.3156
   00403    0.4131  -76523.6057  0.3166
   00404    0.4060  -76503.1666  0.3142
   00405    0.4126  -76535.2114  0.3163
   00406    0.4143  -76424.1165  0.3158
   00407    0.4078  -76340.7220  0.3148
   00408    0.4109  -76371.8222  0.3141
   00409    0.4107  -76425.5679  0.3145
   00410    0.4120  -76351.1414  0.3158
   00411    0.4101  -76526.0687  0.3145
   00412    0.4096  -76551.9606  0.3162
   00413    0.4099  -76566.2017  0.3151
   00414    0.4104  -76517.7514  0.3155
   00415    0.4128  -76415.2572  0.3137
   00416    0.4091  -76504.7625  0.3124
   00417    0.4120  -76359.9414  0.3109
   00418    0.4168  -76328.4662  0.3107
   00419    0.4224  -76390.3129  0.3138
   00420    0.4084  -76334.4328  0.3131
   00421    0.4072  -76380.8400  0.3116
   00422    0.4107  -76504.9008  0.3143
   00423    0.4106  -76496.9525  0.3157
   00424    0.4096  -76533.1312  0.3150
   00425    0.4115  -76518.7668  0.3156
   00426    0.4160  -76560.2039  0.3167
   00427    0.4097  -76514.6454  0.3159
   00428    0.4116  -76415.1949  0.3144
   00429    0.4105  -76437.3714  0.3142
   00430    0.4082  -76444.7002  0.3118
   00431    0.4125  -76333.2964  0.3127
   00432    0.4184  -76285.8964  0.3119
   00433    0.4099  -76509.8951  0.3144
   00434    0.4096  -76562.3907  0.3144
   00435    0.4092  -76629.8157  0.3157
   00436    0.4142  -76629.6393  0.3156
   00437    0.4131  -76505.7582  0.3150
   00438    0.4129  -76430.0451  0.3159
   00439    0.4125  -76454.9296  0.3153
   00440    0.4131  -76457.3339  0.3149
   00441    0.4138  -76379.0364  0.3163
   00442    0.4175  -76356.6048  0.3178
   00443    0.4108  -76405.2526  0.3185
   00444    0.4105  -76386.0771  0.3183
   00445    0.4103  -76306.3569  0.3195
   00446    0.4102  -76346.6210  0.3208
   00447    0.4128  -76349.2462  0.3210
   00448    0.4144  -76419.3622  0.3202
   00449    0.4091  -76416.2498  0.3203
   00450    0.4104  -76608.0553  0.3197
   00451    0.4162  -76631.9392  0.3194
   00452    0.4103  -76567.1638  0.3196
   00453    0.4123  -76563.5724  0.3217
   00454    0.4129  -76547.5414  0.3219
   00455    0.4140  -76581.4464  0.3240
   00456    0.4069  -76490.2559  0.3239
   00457    0.4187  -76368.6651  0.3248
   00458    0.4196  -76472.4200  0.3224
   00459    0.4093  -76570.5986  0.3233
   00460    0.4147  -76591.0421  0.3235
   00461    0.4072  -76520.0796  0.3233
   00462    0.4138  -76533.2539  0.3206
   00463    0.4101  -76455.2358  0.3205
   00464    0.4124  -76447.0264  0.3216
   00465    0.4168  -76508.7811  0.3183
   00466    0.4100  -76515.0480  0.3185
   00467    0.4098  -76517.5838  0.3178
   00468    0.4158  -76491.7201  0.3175
   00469    0.4091  -76566.8284  0.3164
   00470    0.4130  -76576.5258  0.3173
   00471    0.4110  -76499.1058  0.3174
   00472    0.4078  -76345.0103  0.3169
   00473    0.4091  -76331.9162  0.3171
   00474    0.4092  -76345.8332  0.3178
   00475    0.4145  -76410.0814  0.3179
   00476    0.4136  -76458.5488  0.3194
   00477    0.4096  -76326.5850  0.3183
   00478    0.4144  -76285.4204  0.3197
   00479    0.4148  -76425.3734  0.3194
   00480    0.4095  -76386.1418  0.3213
   00481    0.4124  -76240.7232  0.3232
   00482    0.4151  -76299.4157  0.3250
   00483    0.4092  -76297.8209  0.3237
   00484    0.4152  -76334.8675  0.3208
   00485    0.4139  -76341.1953  0.3206
   00486    0.4117  -76303.5952  0.3223
   00487    0.4135  -76421.7433  0.3248
   00488    0.4141  -76368.1168  0.3247
   00489    0.4121  -76435.9913  0.3263
   00490    0.4149  -76331.5818  0.3255
   00491    0.4175  -76310.0669  0.3259
   00492    0.4121  -76338.6214  0.3262
   00493    0.4130  -76507.9460  0.3265
   00494    0.4162  -76449.4912  0.3270
   00495    0.4125  -76356.4072  0.3260
   00496    0.4091  -76480.4066  0.3230
   00497    0.4108  -76497.0574  0.3232
   00498    0.4053  -76639.2970  0.3226
   00499    0.4109  -76655.3072  0.3258
   00500    0.4121  -76451.6458  0.3270
