#=====================================================
# File created:        Sun-23-Feb-2025-at-01-07-55PM
# Size of lattice:     150x150
# Number of MC steps:  500
# Reduced temperature: 0.500
# Run time (s):        3.666939
#=====================================================
# MC step:  Ratio:     Energy:   Order:
#=====================================================
   00000    0.5000  -22904.2881  0.2558
   00001    0.6780  -33612.3803  0.2560
   00002    0.5805  -38445.5905  0.2534
   00003    0.5151  -40310.6525  0.2567
   00004    0.4768  -41046.7643  0.2549
   00005    0.4580  -41514.2576  0.2558
   00006    0.4431  -41738.8561  0.2570
   00007    0.4355  -41821.2842  0.2548
   00008    0.4275  -41804.7692  0.2548
   00009    0.4268  -41762.5558  0.2544
   00010    0.4196  -41851.8412  0.2529
   00011    0.4161  -41927.4336  0.2565
   00012    0.4168  -42031.3019  0.2565
   00013    0.4123  -42019.3823  0.2538
   00014    0.4070  -42101.0026  0.2512
   00015    0.4074  -42116.2582  0.2546
   00016    0.4036  -42087.0224  0.2541
   00017    0.4024  -42027.9809  0.2564
   00018    0.4011  -42086.9999  0.2564
   00019    0.3988  -42067.6363  0.2580
   00020    0.4001  -41986.4220  0.2563
   00021    0.4024  -41909.3648  0.2571
   00022    0.3993  -41933.5247  0.2588
   00023    0.3985  -41907.5091  0.2580
   00024    0.4032  -41847.6989  0.2570
   00025    0.4044  -41975.7952  0.2539
   00026    0.4036  -42040.8055  0.2523
   00027    0.4016  -42083.8103  0.2532
   00028    0.4020  -42129.9917  0.2550
   00029    0.3993  -42214.8325  0.2549
   00030    0.3996  -42140.4774  0.2540
   00031    0.3994  -42085.7352  0.2540
   00032    0.3939  -42146.4498  0.2549
   00033    0.3969  -42185.2346  0.2550
   00034    0.3948  -42201.3893  0.2543
   00035    0.3906  -42057.2439  0.2575
   00036    0.3960  -42001.9724  0.2584
   00037    0.3956  -42026.5253  0.2578
   00038    0.4000  -42101.8087  0.2595
   00039    0.3988  -42162.3012  0.2611
   00040    0.3967  -42116.0682  0.2614
   00041    0.3978  -42133.5532  0.2594
   00042    0.3954  -42104.3000  0.2592
   00043    0.3930  -42055.3988  0.2594
   00044    0.3972  -42072.6297  0.2566
   00045    0.3975  -42116.9631  0.2582
   00046    0.3916  -42104.4664  0.2571
   00047    0.3936  -42091.5944  0.2586
   00048    0.3965  -42057.3651  0.2604
   00049    0.3964  -42057.7451  0.2586
   00050    0.3936  -41997.5351  0.2554
   00051    0.3942  -42011.2579  0.2557
   00052    0.3940  -42047.4351  0.2531
   00053    0.3943  -42051.0695  0.2537
   00054    0.3960  -42033.0528  0.2542
   00055    0.3918  -42035.3327  0.2547
   00056    0.3940  -41999.3759  0.2550
   00057    0.3922  -41963.7101  0.2534
   00058    0.3948  -42023.3110  0.2517
   00059    0.3949  -42165.4825  0.2516
   00060    0.3943  -42301.1785  0.2529
   00061    0.3924  -42237.6170  0.2545
   00062    0.3941  -42234.0809  0.2547
   00063    0.3913  -42194.0997  0.2550
   00064    0.3888  -42063.2061  0.2569
   00065    0.3896  -42021.6851  0.2571
   00066    0.3896  -42083.1016  0.2578
   00067    0.3911  -41988.3493  0.2570
   00068    0.3887  -41838.1665  0.2578
   00069    0.3938  -41799.2343  0.2584
   00070    0.3926  -41709.6835  0.2587
   00071    0.3939  -41722.0586  0.2567
   00072    0.3936  -41721.5185  0.2585
   00073    0.3888  -41779.1749  0.2614
   00074    0.3908  -41815.3804  0.2640
   00075    0.3943  -41906.2092  0.2635
   00076    0.3916  -41960.6809  0.2638
   00077    0.3908  -41942.8593  0.2639
   00078    0.3894  -41909.5185  0.2603
   00079    0.3915  -41945.2129  0.2558
   00080    0.3912  -41990.4849  0.2554
   00081    0.3929  -41933.1659  0.2556
   00082    0.3924  -41940.2024  0.2545
   00083    0.3927  -41996.2243  0.2537
   00084    0.3927  -42038.6343  0.2532
   00085    0.3918  -41832.2041  0.2542
   00086    0.3938  -41874.9257  0.2568
   00087    0.3894  -41918.9850  0.2545
   00088    0.3949  -42007.5049  0.2564
   00089    0.3918  -42040.3768  0.2579
   00090    0.3908  -42030.4453  0.2586
   00091    0.3902  -42042.3045  0.2611
   00092    0.3914  -42049.5356  0.2639
   00093    0.3923  -42006.3980  0.2646
   00094    0.3924  -42015.2108  0.2638
   00095    0.3918  -42121.4950  0.2651
   00096    0.3904  -42119.8389  0.2644
   00097    0.3899  -42056.6539  0.2650
   00098    0.3875  -42085.6281  0.2624
   00099    0.3882  -41959.8560  0.2629
   00100    0.3888  -41787.6749  0.2607
   00101    0.3901  -41809.4031  0.2603
   00102    0.3902  -41804.8903  0.2586
   00103    0.3917  -41775.9475  0.2574
   00104    0.3895  -41656.5457  0.2595
   00105    0.3897  -41637.0558  0.2612
   00106    0.3953  -41602.0000  0.2621
   00107    0.3936  -41697.6593  0.2600
   00108    0.3927  -41628.7041  0.2576
   00109    0.3946  -41696.9902  0.2589
   00110    0.3904  -41748.3382  0.2593
   00111    0.3927  -41643.4566  0.2601
   00112    0.3920  -41673.1289  0.2602
   00113    0.3907  -41791.9337  0.2602
   00114    0.3916  -41808.8124  0.2592
   00115    0.3891  -41764.5685  0.2594
   00116    0.3935  -41802.6671  0.2580
   00117    0.3919  -41935.1131  0.2576
   00118    0.3870  -42019.4998  0.2569
   00119    0.3884  -41907.0820  0.2591
   00120    0.3900  -41829.4853  0.2589
   00121    0.3841  -41840.4233  0.2588
   00122    0.3888  -41748.1512  0.2593
   00123    0.3919  -41886.1205  0.2619
   00124    0.3871  -41915.8230  0.2621
   00125    0.3896  -41855.9916  0.2602
   00126    0.3885  -41932.3207  0.2594
   00127    0.3880  -41824.4496  0.2583
   00128    0.3817  -41754.0498  0.2594
   00129    0.3871  -41814.7557  0.2595
   00130    0.3891  -41811.7030  0.2615
   00131    0.3887  -41771.7683  0.2604
   00132    0.3905  -41922.1955  0.2569
   00133    0.3892  -41975.7872  0.2569
   00134    0.3885  -41843.6186  0.2589
   00135    0.3880  -41847.0877  0.2600
   00136    0.3888  -41789.8923  0.2599
   00137    0.3912  -41684.1068  0.2570
   00138    0.3906  -41742.3789  0.2571
   00139    0.3916  -41668.2487  0.2595
   00140    0.3911  -41779.5498  0.2583
   00141    0.3910  -41843.8590  0.2562
   00142    0.3916  -41837.5321  0.2553
   00143    0.3908  -41890.3461  0.2564
   00144    0.3889  -41991.5866  0.2579
   00145    0.3884  -42057.3081  0.2602
   00146    0.3878  -42055.0458  0.2627
   00147    0.3887  -42077.5091  0.2614
   00148    0.3880  -41976.7154  0.2614
   00149    0.3899  -41982.2003  0.2640
   00150    0.3822  -41967.4489  0.2644
   00151    0.3847  -41909.6620  0.2647
   00152    0.3896  -42029.2134  0.2634
   00153    0.3865  -42040.7980  0.2646
   00154    0.3864  -41989.7199  0.2633
   00155    0.3880  -41987.1007  0.2616
   00156    0.3860  -41849.1239  0.2601
   00157    0.3920  -41817.1703  0.2591
   00158    0.3896  -41932.7795  0.2567
   00159    0.3873  -41955.0033  0.2573
   00160    0.3860  -41838.2015  0.2568
   00161    0.3862  -41755.7283  0.2558
   00162    0.3885  -41762.2920  0.2554
   00163    0.3872  -41794.1124  0.2557
   00164    0.3867  -41827.9099  0.2584
   00165    0.3884  -41886.0859  0.2580
   00166    0.3880  -41993.7108  0.2581
   00167    0.3856  -41913.4997  0.2610
   00168    0.3863  -41853.6691  0.2633
   00169    0.3868  -41969.3518  0.2613
   00170    0.3880  -41940.7566  0.2595
   00171    0.3879  -41869.5389  0.2593
   00172    0.3836  -41833.4569  0.2587
   00173    0.3850  -41747.6002  0.2597
   00174    0.3878  -41687.0057  0.2612
   00175    0.3894  -41764.1350  0.2621
   00176    0.3863  -41815.3033  0.2626
   00177    0.3886  -41817.3006  0.2638
   00178    0.3854  -41925.1981  0.2651
   00179    0.3870  -41918.4167  0.2648
   00180    0.3866  -41853.0300  0.2653
   00181    0.3897  -41829.8464  0.2668
   00182    0.3902  -41869.5937  0.2650
   00183    0.3903  -41875.9401  0.2640
   00184    0.3931  -41795.1224  0.2630
   00185    0.3888  -41814.9598  0.2622
   00186    0.3890  -41796.0797  0.2596
   00187    0.3896  -41849.6905  0.2564
   00188    0.3884  -41708.3294  0.2558
   00189    0.3912  -41660.6091  0.2563
   00190    0.3933  -41777.7204  0.2571
   00191    0.3889  -41826.3145  0.2556
   00192    0.3910  -41876.5658  0.2572
   00193    0.3879  -41938.2678  0.2611
   00194    0.3867  -41891.2899  0.2615
   00195    0.3876  -41966.5151  0.2608
   00196    0.3878  -41893.4447  0.2586
   00197    0.3880  -41788.4891  0.2577
   00198    0.3893  -41767.5076  0.2571
   00199    0.3902  -41798.6547  0.2577
   00200    0.3887  -41784.0756  0.2591
   00201    0.3874  -41845.4321  0.2587
   00202    0.3886  -41680.5993  0.2586
   00203    0.3917  -41656.7428  0.2588
   00204    0.3888  -41690.1263  0.2583
   00205    0.3872  -41832.5279  0.2606
   00206    0.3862  -41909.7281  0.2612
   00207    0.3902  -41902.5517  0.2616
   00208    0.3858  -41912.3014  0.2598
   00209    0.3877  -41913.9093  0.2613
   00210    0.3849  -41843.9581  0.2627
   00211    0.3838  -41752.7301  0.2625
   00212    0.3904  -41710.3338  0.2609
   00213    0.3879  -41732.2047  0.2600
   00214    0.3885  -41739.8023  0.2604
   00215    0.3853  -41820.2273  0.2618
   00216    0.3869  -41723.4657  0.2616
   00217    0.3874  -41712.0493  0.2599
   00218    0.3901  -41625.5699  0.2589
   00219    0.3893  -41578.6497  0.2602
   00220    0.3902  -41572.8725  0.2597
   00221    0.3921  -41695.0255  0.2602
   00222    0.3927  -41803.0444  0.2618
   00223    0.3951  -41866.8747  0.2610
   00224    0.3949  -41932.5480  0.2630
   00225    0.3875  -41914.4985  0.2635
   00226    0.3851  -41819.9875  0.2611
   00227    0.3875  -41755.9325  0.2583
   00228    0.3909  -41764.2514  0.2572
   00229    0.3890  -41744.9539  0.2584
   00230    0.3918  -41665.2841  0.2577
   00231    0.3871  -41639.6962  0.2573
   00232    0.3884  -41585.8065  0.2588
   00233    0.3923  -41549.6001  0.2603
   00234    0.3904  -41547.9467  0.2588
   00235    0.3895  -41681.5645  0.2591
   00236    0.3915  -41792.2465  0.2593
   00237    0.3903  -41899.5869  0.2599
   00238    0.3879  -41879.5115  0.2612
   00239    0.3888  -41838.8112  0.2613
   00240    0.3916  -41843.9180  0.2600
   00241    0.3889  -41986.1671  0.2598
   00242    0.3875  -41907.2329  0.2597
   00243    0.3854  -41856.4809  0.2582
   00244    0.3884  -41823.1045  0.2577
   00245    0.3908  -41791.4937  0.2555
   00246    0.3916  -41762.0535  0.2542
   00247    0.3918  -41775.6696  0.2561
   00248    0.3900  -41838.5438  0.2548
   00249    0.3874  -41864.5057  0.2564
   00250    0.3857  -41889.4095  0.2557
   00251    0.3863  -41737.2778  0.2557
   00252    0.3856  -41659.0252  0.2546
   00253    0.3872  -41678.0858  0.2544
   00254    0.3875  -41654.4358  0.2524
   00255    0.3890  -41739.8272  0.2515
   00256    0.3904  -41758.0053  0.2521
   00257    0.3897  -41859.0712  0.2522
   00258    0.3905  -41903.3028  0.2520
   00259    0.3876  -41903.1524  0.2509
   00260    0.3877  -41858.1312  0.2522
   00261    0.3898  -41816.4646  0.2522
   00262    0.3868  -41741.9207  0.2544
   00263    0.3880  -41737.7048  0.2565
   00264    0.3873  -41687.0852  0.2530
   00265    0.3897  -41651.6945  0.2510
   00266    0.3892  -41572.6895  0.2519
   00267    0.3912  -41572.0898  0.2530
   00268    0.3902  -41590.1794  0.2531
   00269    0.3944  -41714.8343  0.2537
   00270    0.3902  -41748.6448  0.2535
   00271    0.3886  -41799.8390  0.2538
   00272    0.3880  -41868.7738  0.2515
   00273    0.3870  -42056.0608  0.2512
   00274    0.3853  -42038.1521  0.2519
   00275    0.3860  -42040.4567  0.2517
   00276    0.3856  -41903.0594  0.2556
   00277    0.3851  -41964.6854  0.2578
   00278    0.3858  -41979.9773  0.2600
   00279    0.3877  -41957.1716  0.2608
   00280    0.3906  -41968.8928  0.2599
   00281    0.3876  -42029.2959  0.2576
   00282    0.3871  -41986.0122  0.2567
   00283    0.3875  -41915.7986  0.2587
   00284    0.3880  -41833.1835  0.2600
   00285    0.3864  -41837.9375  0.2594
   00286    0.3908  -41870.9788  0.2602
   00287    0.3892  -41916.2896  0.2591
   00288    0.3920  -41895.0695  0.2612
   00289    0.3907  -41897.8785  0.2621
   00290    0.3877  -41910.0371  0.2629
   00291    0.3882  -41882.0667  0.2634
   00292    0.3884  -41869.8162  0.2649
   00293    0.3891  -41925.4748  0.2626
   00294    0.3845  -42003.2949  0.2592
   00295    0.3873  -41901.0040  0.2582
   00296    0.3840  -41931.9004  0.2583
   00297    0.3823  -41910.6066  0.2572
   00298    0.3834  -41839.5136  0.2589
   00299    0.3866  -41798.5247  0.2595
   00300    0.3868  -41689.5269  0.2600
   00301    0.3835  -41680.9751  0.2600
   00302    0.3861  -41867.2421  0.2605
   00303    0.3877  -41917.2769  0.2599
   00304    0.3878  -41935.2395  0.2618
   00305    0.3872  -41807.6598  0.2599
   00306    0.3859  -41756.5007  0.2600
   00307    0.3856  -41910.4409  0.2588
   00308    0.3859  -42003.7034  0.2597
   00309    0.3856  -41978.4078  0.2578
   00310    0.3854  -41917.9491  0.2581
   00311    0.3841  -41768.1213  0.2561
   00312    0.3831  -41713.4914  0.2568
   00313    0.3892  -41664.8081  0.2529
   00314    0.3884  -41782.9483  0.2537
   00315    0.3850  -41855.6836  0.2550
   00316    0.3878  -41909.8536  0.2566
   00317    0.3880  -41900.0087  0.2585
   00318    0.3884  -41832.9579  0.2598
   00319    0.3873  -41826.6060  0.2572
   00320    0.3893  -41770.3922  0.2588
   00321    0.3851  -41774.9063  0.2572
   00322    0.3897  -41743.1945  0.2575
   00323    0.3876  -41690.4974  0.2592
   00324    0.3890  -41620.3431  0.2578
   00325    0.3894  -41550.0499  0.2585
   00326    0.3898  -41630.1176  0.2588
   00327    0.3850  -41683.6659  0.2562
   00328    0.3888  -41807.0190  0.2550
   00329    0.3846  -41806.8187  0.2528
   00330    0.3871  -41839.2405  0.2530
   00331    0.3847  -41973.5640  0.2570
   00332    0.3866  -41957.5301  0.2599
   00333    0.3866  -41960.6854  0.2617
   00334    0.3846  -41955.6808  0.2614
   00335    0.3867  -41914.8501  0.2575
   00336    0.3830  -41936.3428  0.2559
   00337    0.3829  -41952.1246  0.2538
   00338    0.3847  -41895.1373  0.2546
   00339    0.3854  -41886.3743  0.2585
   00340    0.3898  -41939.0389  0.2598
   00341    0.3860  -41941.7180  0.2560
   00342    0.3875  -41934.3494  0.2528
   00343    0.3873  -41934.9782  0.2536
   00344    0.3873  -42029.2755  0.2525
   00345    0.3879  -41893.0030  0.2523
   00346    0.3894  -41976.2193  0.2514
   00347    0.3857  -41980.0175  0.2529
   00348    0.3847  -41869.0078  0.2537
   00349    0.3895  -41805.9828  0.2543
   00350    0.3879  -41777.6914  0.2558
   00351    0.3878  -41817.2725  0.2547
   00352    0.3864  -41806.9240  0.2552
   00353    0.3862  -41799.7774  0.2560
   00354    0.3868  -41792.5033  0.2533
   00355    0.3873  -41823.0344  0.2528
   00356    0.3884  -41828.7748  0.2521
   00357    0.3897  -41965.4781  0.2539
   00358    0.3884  -42034.9915  0.2551
   00359    0.3883  -41924.4464  0.2572
   00360    0.3902  -41911.5122  0.2568
   00361    0.3894  -41999.6644  0.2590
   00362    0.3872  -41969.2254  0.2592
   00363    0.3842  -41826.2391  0.2601
   00364    0.3853  -41838.0208  0.2580
   00365    0.3894  -41805.7220  0.2551
   00366    0.3886  -41741.8708  0.2532
   00367    0.3920  -41780.6229  0.2538
   00368    0.3915  -41825.7804  0.2538
   00369    0.3862  -41876.5740  0.2522
   00370    0.3862  -41936.6117  0.2514
   00371    0.3900  -41851.4926  0.2516
   00372    0.3897  -41818.7908  0.2506
   00373    0.3892  -41779.8613  0.2543
   00374    0.3900  -41786.9364  0.2566
   00375    0.3874  -41825.8586  0.2548
   00376    0.3864  -41881.6145  0.2539
   00377    0.3867  -41851.2737  0.2527
   00378    0.3866  -41759.2683  0.2533
   00379    0.3906  -41764.5471  0.2536
   00380    0.3924  -41789.9127  0.2556
   00381    0.3867  -41835.8398  0.2565
   00382    0.3868  -41644.2861  0.2567
   00383    0.3892  -41783.8950  0.2579
   00384    0.3883  -41710.6136  0.2591
   00385    0.3847  -41681.9608  0.2601
   00386    0.3875  -41751.9034  0.2626
   00387    0.3886  -41762.5062  0.2612
   00388    0.3885  -41840.8907  0.2586
   00389    0.3880  -41937.2969  0.2582
   00390    0.3870  -42042.9999  0.2568
   00391    0.3861  -42077.9223  0.2566
   00392    0.3910  -42023.8529  0.2572
   00393    0.3866  -42050.6156  0.2571
   00394    0.3851  -41969.8746  0.2554
   00395    0.3863  -41752.6922  0.2538
   00396    0.3871  -41702.0270  0.2531
   00397    0.3884  -41797.1691  0.2531
   00398    0.3884  -41802.2474  0.2554
   00399    0.3901  -41785.1188  0.2553
   00400    0.3849  -41781.3773  0.2556
   00401    0.3861  -41834.6426  0.2565
   00402    0.3860  -41748.0290  0.2574
   00403    0.3864  -41813.1051  0.2549
   00404    0.3872  -41738.2029  0.2537
   00405    0.3892  -41654.5507  0.2527
   00406    0.3892  -41734.4014  0.2523
   00407    0.3868  -41721.7530  0.2505
   00408    0.3856  -41760.6752  0.2541
   00409    0.3896  -41757.8963  0.2553
   00410    0.3871  -41905.7807  0.2526
   00411    0.3879  -41877.6415  0.2532
   00412    0.3874  -41911.6705  0.2544
   00413    0.3855  -41780.1817  0.2565
   00414    0.3869  -41689.4285  0.2575
   00415    0.3895  -41664.7776  0.2563
   00416    0.3866  -41651.1499  0.2562
   00417    0.3908  -41791.9289  0.2554
   00418    0.3882  -41747.5386  0.2548
   00419    0.3909  -41879.7794  0.2554
   00420    0.3877  -41859.5821  0.2550
   00421    0.3873  -41747.8579  0.2538
   00422    0.3876  -41783.7837  0.2529
   00423    0.3863  -41902.7185  0.2517
   00424    0.3825  -41901.5159  0.2511
   00425    0.3848  -41841.4914  0.2517
   00426    0.3862  -41899.7690  0.2512
   00427    0.3848  -41893.9752  0.2517
   00428    0.3869  -41899.8629  0.2521
   00429    0.3871  -41891.3033  0.2517
   00430    0.3877  -41940.3724  0.2530
   00431    0.3880  -41955.9280  0.2532
   00432    0.3874  -41800.8864  0.2531
   00433    0.3872  -41797.3922  0.2531
   00434    0.3876  -41718.3630  0.2564
   00435    0.3888  -41708.3952  0.2561
   00436    0.3843  -41676.2564  0.2565
   00437    0.3915  -41673.5841  0.2585
   00438    0.3850  -41746.1424  0.2585
   00439    0.3882  -41726.4451  0.2604
   00440    0.3893  -41820.0057  0.2608
   00441    0.3891  -41912.6109  0.2600
   00442    0.3877  -41932.4565  0.2579
   00443    0.3816  -41881.2437  0.2565
   00444    0.3865  -41792.2217  0.2556
   00445    0.3873  -41855.8042  0.2555
   00446    0.3891  -41873.6731  0.2522
   00447    0.3897  -41971.1134  0.2518
   00448    0.3844  -41931.0014  0.2527
   00449    0.3831  -41757.9988  0.2533
   00450    0.3856  -41703.5000  0.2516
   00451    0.3895  -41719.7908  0.2521
   00452    0.3836  -41871.2211  0.2549
   00453    0.3875  -41891.3400  0.2549
   00454    0.3882  -42098.6495  0.2557
   00455    0.3856  -42058.2136  0.2569
   00456    0.3858  -41970.3725  0.2589
   00457    0.3860  -41778.1667  0.2580
   00458    0.3861  -41717.0898  0.2572
   00459    0.3862  -41692.6518  0.2556
   00460    0.3896  -41785.4495  0.2561
   00461    0.3912  -42005.0147  0.2567
   00462    0.3856  -42017.6780  0.2546
   00463    0.3861  -41988.9140  0.2530
   00464    0.3908  -41976.4615  0.2521
   00465    0.3898  -42017.8387  0.2521
   00466    0.3858  -41958.6199  0.2524
   00467    0.3906  -42022.3650  0.2526
   00468    0.3848  -42088.0113  0.2546
   00469    0.3844  -41996.8863  0.2566
   00470    0.3852  -41944.0774  0.2573
   00471    0.3846  -41970.1761  0.2584
   00472    0.3832  -41969.0403  0.2592
   00473    0.3826  -41960.2160  0.2582
   00474    0.3838  -41877.2841  0.2548
   00475    0.3845  -41914.7872  0.2533
   00476    0.3846  -41896.0517  0.2541
   00477    0.3846  -41764.1546  0.2547
   00478    0.3833  -41773.6101  0.2550
   00479    0.3863  -41790.2048  0.2565
   00480    0.3876  -41775.0429  0.2548
   00481    0.3862  -41941.4086  0.2530
   00482    0.3860  -41934.7372  0.2526
   00483    0.3854  -41911.4305  0.2533
   00484    0.3854  -41971.3363  0.2549
   00485    0.3852  -41947.2175  0.2548
   00486    0.3844  -41865.4228  0.2541
   00487    0.3867  -41828.8451  0.2546
   00488    0.3891  -41908.3097  0.2573
   00489    0.3861  -41964.1970  0.2581
   00490    0.3841  -41942.3519  0.2608
   00491    0.3827  -41834.6178  0.2582
   00492    0.3849  -41953.8782  0.2543
   00493    0.3899  -42002.1153  0.2517
   00494    0.3855  -42073.2194  0.2519
   00495    0.3864  -42052.3923  0.2512
   00496    0.3827  -42012.2695  0.2534
   00497    0.3900  -42009.4392  0.2552
   00498    0.3857  -41988.6026  0.2563
   00499    0.3872  -41956.6940  0.2572
   00500    0.3873  -42003.9202  0.2557
