#=====================================================
# File created:        Sat-22-Feb-2025-at-02-40-31PM
# Size of lattice:     150x150
# Number of MC steps:  500
# Reduced temperature: 0.500
# Run time (s):        4.009780
#=====================================================
# MC step:  Ratio:     Energy:   Order:
#=====================================================
   00000    0.5000  -22830.8476  0.2594
   00001    0.6765  -33708.5958  0.2618
   00002    0.6175  -40816.4909  0.2650
   00003    0.5847  -45795.4293  0.2681
   00004    0.5525  -49592.8706  0.2682
   00005    0.5413  -52571.9701  0.2714
   00006    0.5230  -55120.6362  0.2699
   00007    0.5068  -57179.2747  0.2701
   00008    0.4997  -58983.0326  0.2747
   00009    0.4928  -60484.1997  0.2759
   00010    0.4883  -61785.4415  0.2787
   00011    0.4760  -62824.9560  0.2776
   00012    0.4753  -63905.5411  0.2767
   00013    0.4621  -64668.2137  0.2790
   00014    0.4651  -65381.6126  0.2803
   00015    0.4576  -66149.1742  0.2819
   00016    0.4570  -66746.6879  0.2815
   00017    0.4524  -67358.9390  0.2821
   00018    0.4433  -67727.0116  0.2841
   00019    0.4473  -68275.3692  0.2850
   00020    0.4502  -68635.2224  0.2847
   00021    0.4448  -68982.5784  0.2854
   00022    0.4435  -69188.1808  0.2881
   00023    0.4507  -69474.5099  0.2876
   00024    0.4422  -69804.1812  0.2892
   00025    0.4448  -70082.4469  0.2894
   00026    0.4380  -70321.1233  0.2886
   00027    0.4348  -70510.8896  0.2878
   00028    0.4352  -70647.1745  0.2904
   00029    0.4305  -70913.5838  0.2905
   00030    0.4341  -71068.7648  0.2924
   00031    0.4382  -71119.3692  0.2941
   00032    0.4334  -71328.8419  0.2947
   00033    0.4421  -71391.0867  0.2940
   00034    0.4346  -71500.4799  0.2939
   00035    0.4356  -71552.5342  0.2947
   00036    0.4360  -71768.4376  0.2932
   00037    0.4304  -72008.7190  0.2943
   00038    0.4278  -72098.4095  0.2962
   00039    0.4278  -72264.2760  0.2957
   00040    0.4244  -72361.8082  0.2979
   00041    0.4309  -72458.6609  0.2982
   00042    0.4276  -72418.4332  0.2985
   00043    0.4290  -72570.6244  0.2993
   00044    0.4324  -72622.1029  0.3011
   00045    0.4341  -72723.6811  0.2983
   00046    0.4276  -72777.2504  0.3011
   00047    0.4312  -72945.8578  0.3036
   00048    0.4220  -73011.1595  0.3050
   00049    0.4275  -73226.5924  0.3043
   00050    0.4230  -73263.3026  0.3067
   00051    0.4280  -73344.3927  0.3087
   00052    0.4289  -73323.2842  0.3104
   00053    0.4215  -73320.0218  0.3119
   00054    0.4216  -73490.6327  0.3119
   00055    0.4276  -73530.2767  0.3131
   00056    0.4193  -73405.2713  0.3110
   00057    0.4160  -73594.9803  0.3105
   00058    0.4278  -73622.5476  0.3118
   00059    0.4200  -73661.2612  0.3125
   00060    0.4236  -73690.1264  0.3128
   00061    0.4189  -73669.4358  0.3131
   00062    0.4215  -73727.2152  0.3115
   00063    0.4169  -73855.5692  0.3113
   00064    0.4261  -73836.6258  0.3100
   00065    0.4176  -73925.7027  0.3111
   00066    0.4252  -73986.9043  0.3123
   00067    0.4266  -73873.1148  0.3099
   00068    0.4245  -73872.0167  0.3090
   00069    0.4190  -73883.7369  0.3081
   00070    0.4192  -73906.5227  0.3100
   00071    0.4245  -74043.0508  0.3128
   00072    0.4262  -74004.1438  0.3148
   00073    0.4188  -74145.7598  0.3163
   00074    0.4188  -74338.8190  0.3176
   00075    0.4196  -74332.8053  0.3173
   00076    0.4190  -74320.9315  0.3182
   00077    0.4214  -74367.4710  0.3197
   00078    0.4190  -74425.1098  0.3190
   00079    0.4188  -74507.2653  0.3191
   00080    0.4248  -74420.4150  0.3192
   00081    0.4189  -74304.4869  0.3182
   00082    0.4157  -74440.6756  0.3205
   00083    0.4138  -74401.7811  0.3212
   00084    0.4185  -74482.7414  0.3201
   00085    0.4205  -74396.3671  0.3181
   00086    0.4143  -74521.4732  0.3204
   00087    0.4149  -74534.0232  0.3188
   00088    0.4246  -74536.6039  0.3188
   00089    0.4196  -74681.2066  0.3182
   00090    0.4164  -74758.0666  0.3191
   00091    0.4160  -74730.4294  0.3219
   00092    0.4207  -74747.9890  0.3221
   00093    0.4202  -74629.6776  0.3223
   00094    0.4200  -74702.4687  0.3224
   00095    0.4189  -74736.0943  0.3233
   00096    0.4149  -74791.6670  0.3236
   00097    0.4184  -74882.2669  0.3239
   00098    0.4208  -74915.8686  0.3231
   00099    0.4207  -74843.4407  0.3227
   00100    0.4164  -74744.7355  0.3224
   00101    0.4197  -74632.1435  0.3209
   00102    0.4220  -74776.6044  0.3221
   00103    0.4160  -74885.7432  0.3214
   00104    0.4206  -74922.8300  0.3221
   00105    0.4156  -74965.1782  0.3237
   00106    0.4228  -75148.1484  0.3233
   00107    0.4146  -75241.0509  0.3250
   00108    0.4206  -75236.6161  0.3248
   00109    0.4143  -75251.9622  0.3261
   00110    0.4178  -75129.7598  0.3248
   00111    0.4179  -74963.5963  0.3257
   00112    0.4209  -75052.0361  0.3238
   00113    0.4201  -75221.7716  0.3248
   00114    0.4236  -75173.9338  0.3230
   00115    0.4120  -75138.5529  0.3256
   00116    0.4189  -75043.7251  0.3254
   00117    0.4155  -75040.5131  0.3284
   00118    0.4187  -75106.8816  0.3280
   00119    0.4132  -75185.9254  0.3288
   00120    0.4161  -75234.0602  0.3303
   00121    0.4163  -75204.9446  0.3316
   00122    0.4160  -75114.1253  0.3304
   00123    0.4165  -75057.8709  0.3288
   00124    0.4137  -75103.1102  0.3292
   00125    0.4148  -75112.7042  0.3285
   00126    0.4146  -75175.1329  0.3288
   00127    0.4140  -75246.8624  0.3304
   00128    0.4169  -75235.6592  0.3311
   00129    0.4240  -75350.5113  0.3329
   00130    0.4188  -75412.4596  0.3330
   00131    0.4163  -75369.0732  0.3328
   00132    0.4139  -75348.3343  0.3346
   00133    0.4156  -75394.4329  0.3334
   00134    0.4144  -75562.5818  0.3347
   00135    0.4173  -75470.8522  0.3375
   00136    0.4179  -75401.4557  0.3358
   00137    0.4132  -75456.2949  0.3365
   00138    0.4216  -75422.9016  0.3373
   00139    0.4182  -75421.0142  0.3379
   00140    0.4219  -75439.0022  0.3380
   00141    0.4160  -75503.7231  0.3385
   00142    0.4112  -75577.6086  0.3375
   00143    0.4144  -75521.7612  0.3381
   00144    0.4143  -75515.5027  0.3376
   00145    0.4080  -75320.5191  0.3379
   00146    0.4096  -75420.9428  0.3363
   00147    0.4145  -75456.4672  0.3374
   00148    0.4149  -75442.1223  0.3377
   00149    0.4153  -75442.8749  0.3378
   00150    0.4179  -75391.0038  0.3361
   00151    0.4128  -75498.4047  0.3365
   00152    0.4168  -75352.2297  0.3368
   00153    0.4183  -75357.3284  0.3356
   00154    0.4142  -75275.7010  0.3350
   00155    0.4178  -75359.7567  0.3357
   00156    0.4144  -75451.1576  0.3371
   00157    0.4110  -75462.3932  0.3390
   00158    0.4214  -75580.7712  0.3379
   00159    0.4138  -75546.0995  0.3374
   00160    0.4165  -75630.8520  0.3373
   00161    0.4120  -75656.0607  0.3359
   00162    0.4107  -75562.2840  0.3360
   00163    0.4141  -75527.0207  0.3363
   00164    0.4175  -75458.6295  0.3368
   00165    0.4162  -75364.0277  0.3371
   00166    0.4135  -75402.1004  0.3385
   00167    0.4170  -75441.6509  0.3386
   00168    0.4181  -75554.1715  0.3383
   00169    0.4199  -75742.2482  0.3366
   00170    0.4185  -75731.1185  0.3348
   00171    0.4121  -75666.6992  0.3362
   00172    0.4123  -75627.1870  0.3357
   00173    0.4162  -75666.4178  0.3374
   00174    0.4111  -75673.8346  0.3371
   00175    0.4197  -75763.2798  0.3348
   00176    0.4150  -75825.4130  0.3338
   00177    0.4164  -75731.0563  0.3338
   00178    0.4186  -75614.8711  0.3331
   00179    0.4186  -75655.7323  0.3329
   00180    0.4148  -75587.0750  0.3296
   00181    0.4223  -75659.1653  0.3274
   00182    0.4139  -75523.7420  0.3270
   00183    0.4189  -75587.0304  0.3283
   00184    0.4123  -75681.2604  0.3286
   00185    0.4180  -75766.3426  0.3274
   00186    0.4186  -75775.1728  0.3311
   00187    0.4160  -75718.9659  0.3325
   00188    0.4140  -75805.6071  0.3341
   00189    0.4132  -75780.2606  0.3335
   00190    0.4154  -75780.4043  0.3350
   00191    0.4115  -75869.2817  0.3336
   00192    0.4138  -75829.5534  0.3356
   00193    0.4175  -75835.5607  0.3366
   00194    0.4150  -75739.3446  0.3394
   00195    0.4166  -75796.3800  0.3397
   00196    0.4193  -75840.5918  0.3401
   00197    0.4082  -75850.4492  0.3408
   00198    0.4191  -75833.1464  0.3406
   00199    0.4129  -75763.6452  0.3423
   00200    0.4134  -75845.0529  0.3401
   00201    0.4126  -75858.1978  0.3407
   00202    0.4128  -75955.4109  0.3422
   00203    0.4109  -75962.5147  0.3435
   00204    0.4115  -76039.0965  0.3445
   00205    0.4165  -75973.5501  0.3429
   00206    0.4171  -75954.2250  0.3422
   00207    0.4154  -75875.8099  0.3404
   00208    0.4154  -75694.0341  0.3402
   00209    0.4180  -75858.5670  0.3397
   00210    0.4131  -75863.5244  0.3391
   00211    0.4111  -75962.8336  0.3409
   00212    0.4112  -75882.1916  0.3408
   00213    0.4200  -75915.5347  0.3436
   00214    0.4156  -75882.9314  0.3445
   00215    0.4120  -75961.1859  0.3454
   00216    0.4138  -75913.8302  0.3460
   00217    0.4076  -75988.1914  0.3442
   00218    0.4129  -76051.8519  0.3431
   00219    0.4144  -76062.7581  0.3432
   00220    0.4024  -76081.0243  0.3423
   00221    0.4070  -76101.7120  0.3429
   00222    0.4109  -76108.0677  0.3426
   00223    0.4118  -76162.0244  0.3447
   00224    0.4130  -76045.1208  0.3453
   00225    0.4142  -76036.9728  0.3432
   00226    0.4068  -76014.9080  0.3446
   00227    0.4157  -76114.7695  0.3452
   00228    0.4122  -76026.0223  0.3450
   00229    0.4097  -75893.2486  0.3452
   00230    0.4150  -75894.2399  0.3433
   00231    0.4116  -75848.6884  0.3453
   00232    0.4139  -75809.9501  0.3456
   00233    0.4183  -75907.4905  0.3469
   00234    0.4112  -75935.0978  0.3463
   00235    0.4210  -75939.7974  0.3451
   00236    0.4179  -76005.2735  0.3441
   00237    0.4119  -76091.2076  0.3432
   00238    0.4128  -76040.7856  0.3435
   00239    0.4111  -75923.9747  0.3421
   00240    0.4164  -75983.7615  0.3432
   00241    0.4179  -76017.7842  0.3431
   00242    0.4144  -76109.5083  0.3439
   00243    0.4155  -76115.1891  0.3448
   00244    0.4124  -76258.7713  0.3452
   00245    0.4112  -76218.6626  0.3467
   00246    0.4169  -76176.0980  0.3461
   00247    0.4180  -76252.8995  0.3453
   00248    0.4147  -76198.3847  0.3471
   00249    0.4164  -76211.5048  0.3489
   00250    0.4112  -76175.5244  0.3476
   00251    0.4084  -76257.7511  0.3455
   00252    0.4135  -76309.7892  0.3469
   00253    0.4103  -76279.9982  0.3469
   00254    0.4176  -76282.6480  0.3459
   00255    0.4169  -76171.9775  0.3431
   00256    0.4107  -76204.4920  0.3438
   00257    0.4138  -76090.9106  0.3444
   00258    0.4177  -76093.6092  0.3459
   00259    0.4125  -76089.2952  0.3466
   00260    0.4146  -76019.8658  0.3470
   00261    0.4126  -75975.2123  0.3482
   00262    0.4160  -75927.1892  0.3483
   00263    0.4124  -75853.6366  0.3477
   00264    0.4114  -75983.9754  0.3488
   00265    0.4123  -76017.6078  0.3494
   00266    0.4163  -76047.3730  0.3504
   00267    0.4105  -76200.5331  0.3509
   00268    0.4124  -76260.6412  0.3493
   00269    0.4152  -76266.1499  0.3487
   00270    0.4119  -76128.0449  0.3501
   00271    0.4123  -75868.7463  0.3512
   00272    0.4094  -75913.8038  0.3524
   00273    0.4126  -76145.6583  0.3550
   00274    0.4154  -76061.1636  0.3572
   00275    0.4108  -76173.6475  0.3577
   00276    0.4099  -76166.0300  0.3571
   00277    0.4058  -76238.8058  0.3570
   00278    0.4149  -76215.3791  0.3550
   00279    0.4152  -76166.7007  0.3554
   00280    0.4171  -76185.3048  0.3528
   00281    0.4128  -76004.4259  0.3516
   00282    0.4151  -75983.5517  0.3533
   00283    0.4135  -75994.3644  0.3547
   00284    0.4131  -75962.2755  0.3538
   00285    0.4126  -76109.6555  0.3538
   00286    0.4140  -76177.4479  0.3555
   00287    0.4099  -76145.4691  0.3552
   00288    0.4112  -75971.4104  0.3540
   00289    0.4123  -76089.2028  0.3540
   00290    0.4162  -76173.6855  0.3543
   00291    0.4105  -76058.8155  0.3531
   00292    0.4109  -76016.8990  0.3543
   00293    0.4173  -76081.8671  0.3524
   00294    0.4168  -76137.9457  0.3552
   00295    0.4138  -76132.3651  0.3555
   00296    0.4159  -76179.4678  0.3575
   00297    0.4124  -76224.6852  0.3578
   00298    0.4122  -76191.4866  0.3577
   00299    0.4162  -76297.2283  0.3600
   00300    0.4153  -76221.2327  0.3595
   00301    0.4103  -76118.5262  0.3601
   00302    0.4137  -76035.5007  0.3590
   00303    0.4204  -76206.7967  0.3589
   00304    0.4170  -76254.4145  0.3587
   00305    0.4099  -76246.8085  0.3571
   00306    0.4088  -76224.0650  0.3552
   00307    0.4105  -76319.5390  0.3539
   00308    0.4147  -76112.4319  0.3545
   00309    0.4156  -76193.5976  0.3582
   00310    0.4118  -76184.5900  0.3598
   00311    0.4121  -76265.9414  0.3598
   00312    0.4082  -76345.0736  0.3601
   00313    0.4129  -76243.0180  0.3607
   00314    0.4093  -76196.2145  0.3611
   00315    0.4132  -76242.7009  0.3603
   00316    0.4148  -76405.7748  0.3599
   00317    0.4141  -76358.6488  0.3593
   00318    0.4129  -76412.7056  0.3605
   00319    0.4166  -76321.2564  0.3610
   00320    0.4071  -76266.5955  0.3620
   00321    0.4128  -76315.3512  0.3649
   00322    0.4132  -76331.6001  0.3662
   00323    0.4139  -76331.2220  0.3646
   00324    0.4088  -76322.7351  0.3631
   00325    0.4127  -76250.4742  0.3622
   00326    0.4073  -76287.4229  0.3610
   00327    0.4090  -76233.4998  0.3608
   00328    0.4081  -76087.5398  0.3621
   00329    0.4180  -76180.3948  0.3617
   00330    0.4073  -76281.7791  0.3625
   00331    0.4147  -76208.8077  0.3637
   00332    0.4140  -76266.1425  0.3615
   00333    0.4206  -76246.7945  0.3614
   00334    0.4136  -76352.9370  0.3641
   00335    0.4116  -76288.9644  0.3655
   00336    0.4191  -76375.5823  0.3653
   00337    0.4114  -76275.2761  0.3622
   00338    0.4148  -76294.3578  0.3622
   00339    0.4159  -76299.0861  0.3651
   00340    0.4148  -76253.4750  0.3646
   00341    0.4113  -76159.9519  0.3629
   00342    0.4088  -76170.0466  0.3643
   00343    0.4149  -76182.4021  0.3629
   00344    0.4119  -76205.4696  0.3625
   00345    0.4164  -76288.1536  0.3641
   00346    0.4112  -76263.2937  0.3654
   00347    0.4161  -76377.9802  0.3680
   00348    0.4104  -76369.2524  0.3677
   00349    0.4139  -76361.7631  0.3687
   00350    0.4140  -76380.1990  0.3674
   00351    0.4184  -76386.2745  0.3684
   00352    0.4149  -76406.3088  0.3691
   00353    0.4201  -76386.9326  0.3702
   00354    0.4092  -76284.0168  0.3710
   00355    0.4127  -76361.3446  0.3717
   00356    0.4158  -76410.4074  0.3730
   00357    0.4124  -76296.8460  0.3720
   00358    0.4111  -76351.8459  0.3721
   00359    0.4147  -76393.7407  0.3759
   00360    0.4144  -76416.5745  0.3739
   00361    0.4131  -76449.5106  0.3740
   00362    0.4105  -76424.9976  0.3738
   00363    0.4123  -76410.8429  0.3766
   00364    0.4158  -76419.8203  0.3772
   00365    0.4120  -76473.5594  0.3752
   00366    0.4176  -76299.5338  0.3754
   00367    0.4129  -76628.8916  0.3744
   00368    0.4133  -76474.4992  0.3749
   00369    0.4140  -76316.6346  0.3783
   00370    0.4144  -76401.5417  0.3790
   00371    0.4063  -76481.8736  0.3798
   00372    0.4157  -76394.1959  0.3790
   00373    0.4123  -76337.4359  0.3784
   00374    0.4136  -76349.9159  0.3780
   00375    0.4098  -76431.7122  0.3800
   00376    0.4102  -76416.2255  0.3813
   00377    0.4072  -76514.1206  0.3782
   00378    0.4082  -76497.8532  0.3790
   00379    0.4143  -76512.5089  0.3792
   00380    0.4130  -76426.7662  0.3783
   00381    0.4137  -76351.0265  0.3811
   00382    0.4076  -76254.9121  0.3816
   00383    0.4177  -76233.3343  0.3820
   00384    0.4120  -76182.5751  0.3812
   00385    0.4080  -76364.2265  0.3784
   00386    0.4160  -76429.1995  0.3804
   00387    0.4116  -76484.1025  0.3801
   00388    0.4113  -76476.4406  0.3799
   00389    0.4079  -76522.3580  0.3787
   00390    0.4082  -76342.0165  0.3788
   00391    0.4117  -76489.2165  0.3797
   00392    0.4108  -76469.5992  0.3808
   00393    0.4117  -76472.4904  0.3803
   00394    0.4160  -76439.4719  0.3799
   00395    0.4120  -76405.7558  0.3820
   00396    0.4136  -76275.0001  0.3776
   00397    0.4111  -76344.7200  0.3780
   00398    0.4188  -76286.7312  0.3778
   00399    0.4141  -76443.8309  0.3783
   00400    0.4152  -76391.6517  0.3760
   00401    0.4140  -76253.7674  0.3754
   00402    0.4113  -76265.5518  0.3750
   00403    0.4124  -76295.9269  0.3747
   00404    0.4103  -76276.6118  0.3729
   00405    0.4117  -76287.1741  0.3749
   00406    0.4172  -76432.9310  0.3740
   00407    0.4082  -76436.6035  0.3736
   00408    0.4122  -76375.9097  0.3693
   00409    0.4082  -76351.7248  0.3699
   00410    0.4114  -76527.1013  0.3693
   00411    0.4142  -76329.8839  0.3703
   00412    0.4154  -76535.1605  0.3701
   00413    0.4105  -76425.4629  0.3704
   00414    0.4068  -76460.0188  0.3707
   00415    0.4104  -76398.7913  0.3725
   00416    0.4130  -76425.3817  0.3736
   00417    0.4067  -76338.0300  0.3724
   00418    0.4156  -76431.1453  0.3721
   00419    0.4088  -76461.8050  0.3720
   00420    0.4130  -76444.8930  0.3715
   00421    0.4156  -76487.8033  0.3703
   00422    0.4127  -76615.8386  0.3698
   00423    0.4099  -76592.6542  0.3706
   00424    0.4123  -76600.9942  0.3710
   00425    0.4133  -76612.1203  0.3689
   00426    0.4117  -76620.3023  0.3694
   00427    0.4124  -76453.6662  0.3709
   00428    0.4140  -76431.8131  0.3713
   00429    0.4120  -76387.7889  0.3697
   00430    0.4179  -76406.1525  0.3696
   00431    0.4057  -76412.0630  0.3695
   00432    0.4180  -76435.9588  0.3678
   00433    0.4143  -76401.9882  0.3717
   00434    0.4096  -76424.8181  0.3700
   00435    0.4140  -76416.3821  0.3707
   00436    0.4138  -76313.0660  0.3713
   00437    0.4090  -76328.7999  0.3692
   00438    0.4097  -76412.0500  0.3675
   00439    0.4091  -76459.2112  0.3679
   00440    0.4107  -76536.4623  0.3674
   00441    0.4092  -76468.8227  0.3672
   00442    0.4100  -76395.0982  0.3645
   00443    0.4141  -76406.4706  0.3659
   00444    0.4064  -76445.8774  0.3667
   00445    0.4097  -76390.7880  0.3652
   00446    0.4131  -76456.6646  0.3664
   00447    0.4067  -76456.0636  0.3654
   00448    0.4071  -76556.3021  0.3645
   00449    0.4137  -76524.6754  0.3669
   00450    0.4093  -76492.9482  0.3660
   00451    0.4148  -76628.6014  0.3644
   00452    0.4124  -76536.6327  0.3625
   00453    0.4080  -76507.1118  0.3631
   00454    0.4141  -76537.6669  0.3651
   00455    0.4060  -76414.5322  0.3656
   00456    0.4059  -76511.7294  0.3696
   00457    0.4118  -76510.0511  0.3670
   00458    0.4174  -76445.7229  0.3694
   00459    0.4144  -76334.4008  0.3695
   00460    0.4131  -76358.5090  0.3691
   00461    0.4065  -76595.6291  0.3685
   00462    0.4105  -76529.3192  0.3696
   00463    0.4119  -76479.8724  0.3694
   00464    0.4173  -76490.5909  0.3665
   00465    0.4150  -76493.7984  0.3674
   00466    0.4105  -76351.0634  0.3689
   00467    0.4125  -76450.6977  0.3693
   00468    0.4124  -76313.4686  0.3676
   00469    0.4119  -76301.5343  0.3683
   00470    0.4132  -76255.6484  0.3690
   00471    0.4126  -76360.1033  0.3686
   00472    0.4110  -76321.0685  0.3670
   00473    0.4100  -76355.5761  0.3673
   00474    0.4134  -76376.6127  0.3693
   00475    0.4083  -76377.0795  0.3709
   00476    0.4148  -76288.6091  0.3718
   00477    0.4128  -76358.4973  0.3723
   00478    0.4110  -76329.2481  0.3717
   00479    0.4108  -76336.4440  0.3735
   00480    0.4124  -76452.7166  0.3719
   00481    0.4141  -76437.2656  0.3725
   00482    0.4115  -76356.9213  0.3737
   00483    0.4135  -76206.8528  0.3745
   00484    0.4142  -76331.7037  0.3737
   00485    0.4093  -76369.0764  0.3731
   00486    0.4130  -76437.8688  0.3736
   00487    0.4201  -76351.8474  0.3719
   00488    0.4132  -76411.7979  0.3702
   00489    0.4098  -76529.3712  0.3712
   00490    0.4152  -76544.8497  0.3699
   00491    0.4174  -76526.7092  0.3690
   00492    0.4071  -76511.6623  0.3666
   00493    0.4037  -76559.9625  0.3672
   00494    0.4129  -76583.8062  0.3666
   00495    0.4125  -76519.5405  0.3675
   00496    0.4128  -76435.2271  0.3676
   00497    0.4109  -76453.3935  0.3676
   00498    0.4114  -76395.8513  0.3660
   00499    0.4146  -76452.2712  0.3655
   00500    0.4106  -76485.6905  0.3642
