#=====================================================
# File created:        Sat-22-Feb-2025-at-02-24-46PM
# Size of lattice:     150x150
# Number of MC steps:  500
# Reduced temperature: 0.500
# Run time (s):        6.711746
#=====================================================
# MC step:  Ratio:     Energy:   Order:
#=====================================================
   00000    0.5000  -21953.2182  0.2523
   00001    0.6791  -32751.0868  0.2515
   00002    0.6324  -39990.1476  0.2549
   00003    0.5899  -45280.6247  0.2570
   00004    0.5627  -49131.7635  0.2572
   00005    0.5400  -52210.6771  0.2572
   00006    0.5301  -55043.0606  0.2570
   00007    0.5113  -56976.0303  0.2564
   00008    0.4986  -58857.7737  0.2582
   00009    0.4933  -60399.8735  0.2596
   00010    0.4824  -61636.7016  0.2590
   00011    0.4736  -62759.6602  0.2607
   00012    0.4721  -63715.9290  0.2623
   00013    0.4655  -64601.2613  0.2657
   00014    0.4654  -65590.7812  0.2683
   00015    0.4567  -66237.3822  0.2679
   00016    0.4515  -66635.1356  0.2708
   00017    0.4557  -67193.4922  0.2719
   00018    0.4505  -67523.1944  0.2721
   00019    0.4479  -67937.0740  0.2744
   00020    0.4509  -68431.4465  0.2749
   00021    0.4424  -68913.4963  0.2756
   00022    0.4401  -69217.9431  0.2787
   00023    0.4386  -69618.0898  0.2800
   00024    0.4456  -69802.9083  0.2789
   00025    0.4374  -69932.7232  0.2765
   00026    0.4395  -70231.4839  0.2770
   00027    0.4339  -70624.0400  0.2785
   00028    0.4350  -70798.1883  0.2787
   00029    0.4301  -70928.8704  0.2774
   00030    0.4305  -71080.3943  0.2789
   00031    0.4329  -71110.1491  0.2813
   00032    0.4356  -71218.6110  0.2792
   00033    0.4350  -71387.2295  0.2796
   00034    0.4312  -71352.1769  0.2792
   00035    0.4346  -71545.8435  0.2805
   00036    0.4308  -71649.9851  0.2798
   00037    0.4378  -71644.7198  0.2808
   00038    0.4357  -71853.7347  0.2827
   00039    0.4284  -72021.7305  0.2829
   00040    0.4339  -72014.2654  0.2830
   00041    0.4280  -72172.8081  0.2825
   00042    0.4306  -72299.1582  0.2813
   00043    0.4298  -72282.6995  0.2811
   00044    0.4241  -72350.7768  0.2823
   00045    0.4255  -72429.9566  0.2857
   00046    0.4277  -72609.9307  0.2873
   00047    0.4304  -72636.9726  0.2867
   00048    0.4223  -72673.8403  0.2873
   00049    0.4228  -72708.8906  0.2878
   00050    0.4239  -72727.2401  0.2879
   00051    0.4268  -72831.1731  0.2893
   00052    0.4250  -73076.6049  0.2917
   00053    0.4287  -73161.9078  0.2901
   00054    0.4243  -73123.5763  0.2909
   00055    0.4267  -73202.1417  0.2912
   00056    0.4260  -73106.4267  0.2916
   00057    0.4191  -73291.8021  0.2917
   00058    0.4281  -73211.0623  0.2917
   00059    0.4233  -73252.4814  0.2926
   00060    0.4188  -73443.4580  0.2936
   00061    0.4200  -73246.5106  0.2927
   00062    0.4233  -73361.5161  0.2916
   00063    0.4277  -73330.7451  0.2913
   00064    0.4238  -73297.7302  0.2918
   00065    0.4241  -73376.3293  0.2932
   00066    0.4240  -73549.8147  0.2912
   00067    0.4236  -73584.8237  0.2922
   00068    0.4219  -73760.7727  0.2941
   00069    0.4256  -73906.5567  0.2937
   00070    0.4210  -73764.1043  0.2955
   00071    0.4264  -73906.9046  0.2950
   00072    0.4198  -73891.5082  0.2950
   00073    0.4200  -73928.8793  0.2955
   00074    0.4153  -74042.7775  0.2944
   00075    0.4180  -74207.7761  0.2950
   00076    0.4216  -74005.9579  0.2950
   00077    0.4216  -73975.9607  0.2948
   00078    0.4281  -73929.0108  0.2956
   00079    0.4250  -74047.9479  0.2975
   00080    0.4206  -73948.2220  0.2979
   00081    0.4231  -74033.7194  0.2996
   00082    0.4200  -74146.6855  0.2962
   00083    0.4243  -74211.3166  0.2957
   00084    0.4248  -74256.4387  0.2969
   00085    0.4265  -74283.3488  0.2972
   00086    0.4207  -74233.2373  0.2987
   00087    0.4136  -74180.7186  0.2999
   00088    0.4157  -74316.0808  0.3009
   00089    0.4218  -74475.4215  0.2998
   00090    0.4150  -74483.7633  0.2988
   00091    0.4225  -74698.5617  0.2998
   00092    0.4216  -74696.6352  0.3009
   00093    0.4139  -74791.1148  0.3030
   00094    0.4162  -74800.6113  0.3031
   00095    0.4248  -74696.0425  0.3048
   00096    0.4206  -74627.2436  0.3061
   00097    0.4179  -74601.2742  0.3065
   00098    0.4251  -74624.2139  0.3077
   00099    0.4226  -74610.3021  0.3094
   00100    0.4191  -74554.3625  0.3079
   00101    0.4279  -74610.5290  0.3090
   00102    0.4229  -74629.6742  0.3064
   00103    0.4236  -74536.4052  0.3065
   00104    0.4178  -74433.9153  0.3076
   00105    0.4177  -74593.1755  0.3082
   00106    0.4160  -74709.3903  0.3081
   00107    0.4226  -74691.5885  0.3084
   00108    0.4148  -74755.7285  0.3121
   00109    0.4179  -74854.5996  0.3143
   00110    0.4235  -74771.9093  0.3149
   00111    0.4177  -74732.8044  0.3129
   00112    0.4154  -74653.4603  0.3114
   00113    0.4248  -74741.1923  0.3133
   00114    0.4186  -74783.1647  0.3148
   00115    0.4213  -74926.5666  0.3174
   00116    0.4211  -74991.8563  0.3151
   00117    0.4208  -74973.9557  0.3161
   00118    0.4193  -74995.4985  0.3175
   00119    0.4148  -74987.0724  0.3173
   00120    0.4162  -75009.0541  0.3167
   00121    0.4169  -74925.7748  0.3175
   00122    0.4238  -74882.7306  0.3174
   00123    0.4139  -74981.9110  0.3185
   00124    0.4104  -74949.0155  0.3201
   00125    0.4170  -74915.5004  0.3208
   00126    0.4196  -74935.5299  0.3214
   00127    0.4115  -74925.5444  0.3207
   00128    0.4214  -74999.3133  0.3179
   00129    0.4181  -75037.6450  0.3178
   00130    0.4176  -74923.9883  0.3169
   00131    0.4167  -75069.2783  0.3159
   00132    0.4222  -75096.0362  0.3157
   00133    0.4223  -75214.4724  0.3176
   00134    0.4179  -75205.2458  0.3168
   00135    0.4148  -75232.0476  0.3161
   00136    0.4162  -75071.7052  0.3161
   00137    0.4176  -75082.5329  0.3163
   00138    0.4124  -75213.8680  0.3186
   00139    0.4167  -75247.2338  0.3189
   00140    0.4132  -75091.5042  0.3189
   00141    0.4155  -75145.9717  0.3196
   00142    0.4232  -75230.3583  0.3194
   00143    0.4217  -75099.6730  0.3175
   00144    0.4160  -74998.0890  0.3161
   00145    0.4196  -74985.0146  0.3170
   00146    0.4232  -75182.2272  0.3152
   00147    0.4216  -74996.3842  0.3163
   00148    0.4118  -74873.5564  0.3142
   00149    0.4150  -74903.6706  0.3164
   00150    0.4276  -74993.0621  0.3170
   00151    0.4196  -75256.4285  0.3156
   00152    0.4154  -75252.6120  0.3186
   00153    0.4245  -75255.9797  0.3211
   00154    0.4168  -75157.5965  0.3214
   00155    0.4232  -75151.5034  0.3220
   00156    0.4176  -75244.7144  0.3204
   00157    0.4236  -75212.2577  0.3206
   00158    0.4156  -75118.3390  0.3209
   00159    0.4135  -75254.4399  0.3214
   00160    0.4171  -75285.6982  0.3201
   00161    0.4144  -75259.7750  0.3189
   00162    0.4103  -75234.2689  0.3186
   00163    0.4160  -75326.3640  0.3184
   00164    0.4225  -75363.9864  0.3177
   00165    0.4197  -75378.8354  0.3174
   00166    0.4182  -75297.2078  0.3181
   00167    0.4237  -75245.4604  0.3188
   00168    0.4136  -75231.9136  0.3197
   00169    0.4158  -75377.1494  0.3201
   00170    0.4146  -75398.6635  0.3191
   00171    0.4147  -75384.4439  0.3213
   00172    0.4142  -75395.9695  0.3203
   00173    0.4124  -75434.3432  0.3193
   00174    0.4160  -75392.7299  0.3194
   00175    0.4104  -75542.0807  0.3188
   00176    0.4174  -75562.2110  0.3194
   00177    0.4131  -75728.6212  0.3169
   00178    0.4160  -75738.9661  0.3185
   00179    0.4173  -75728.2729  0.3205
   00180    0.4188  -75706.3211  0.3218
   00181    0.4150  -75730.2282  0.3220
   00182    0.4145  -75737.5331  0.3215
   00183    0.4190  -75793.3629  0.3209
   00184    0.4145  -75735.7374  0.3218
   00185    0.4108  -75785.9511  0.3243
   00186    0.4168  -75711.0607  0.3260
   00187    0.4111  -75761.3284  0.3247
   00188    0.4177  -75637.1203  0.3256
   00189    0.4192  -75693.8295  0.3249
   00190    0.4119  -75630.9468  0.3247
   00191    0.4190  -75669.2779  0.3245
   00192    0.4180  -75729.6361  0.3229
   00193    0.4152  -75760.2335  0.3239
   00194    0.4224  -75770.4505  0.3244
   00195    0.4143  -75833.3240  0.3251
   00196    0.4147  -75828.3811  0.3258
   00197    0.4073  -75944.5568  0.3245
   00198    0.4094  -75875.4013  0.3252
   00199    0.4065  -76040.7528  0.3258
   00200    0.4097  -75868.4386  0.3255
   00201    0.4111  -75666.4729  0.3276
   00202    0.4143  -75633.3776  0.3292
   00203    0.4177  -75569.3486  0.3303
   00204    0.4194  -75669.3521  0.3297
   00205    0.4173  -75747.9642  0.3308
   00206    0.4153  -75715.6133  0.3309
   00207    0.4096  -75756.9286  0.3303
   00208    0.4191  -75843.1771  0.3299
   00209    0.4145  -75852.1357  0.3301
   00210    0.4097  -75900.8224  0.3314
   00211    0.4132  -76014.2879  0.3337
   00212    0.4110  -75931.0706  0.3355
   00213    0.4158  -75900.2970  0.3368
   00214    0.4123  -75905.5862  0.3357
   00215    0.4105  -75897.6063  0.3341
   00216    0.4092  -75805.2563  0.3356
   00217    0.4176  -75785.2640  0.3346
   00218    0.4126  -75683.9135  0.3343
   00219    0.4168  -75647.0773  0.3351
   00220    0.4133  -75738.1042  0.3334
   00221    0.4173  -75790.1756  0.3324
   00222    0.4176  -75780.7648  0.3343
   00223    0.4157  -75718.1186  0.3322
   00224    0.4180  -75815.3766  0.3318
   00225    0.4157  -75788.5205  0.3338
   00226    0.4145  -75953.6111  0.3337
   00227    0.4135  -75853.7519  0.3350
   00228    0.4113  -75909.4480  0.3343
   00229    0.4104  -75915.6750  0.3325
   00230    0.4175  -75878.5138  0.3314
   00231    0.4145  -75837.5285  0.3331
   00232    0.4180  -75856.6025  0.3335
   00233    0.4154  -75953.8858  0.3350
   00234    0.4093  -76017.8828  0.3366
   00235    0.4123  -76030.8353  0.3354
   00236    0.4101  -76026.0287  0.3353
   00237    0.4168  -76070.2985  0.3338
   00238    0.4108  -75948.8334  0.3337
   00239    0.4238  -76043.0870  0.3343
   00240    0.4081  -76163.1537  0.3354
   00241    0.4195  -76042.5465  0.3350
   00242    0.4060  -75959.5103  0.3340
   00243    0.4137  -75957.0403  0.3320
   00244    0.4130  -75914.1887  0.3311
   00245    0.4192  -75903.2194  0.3318
   00246    0.4156  -75915.7152  0.3311
   00247    0.4156  -75771.3144  0.3310
   00248    0.4139  -75908.2855  0.3305
   00249    0.4120  -75856.4073  0.3316
   00250    0.4220  -75909.9674  0.3327
   00251    0.4139  -75896.7054  0.3323
   00252    0.4136  -75836.1489  0.3309
   00253    0.4119  -75918.4767  0.3330
   00254    0.4138  -75850.3690  0.3307
   00255    0.4171  -75844.3665  0.3311
   00256    0.4182  -75981.5387  0.3314
   00257    0.4185  -75817.6465  0.3298
   00258    0.4122  -75951.3746  0.3317
   00259    0.4165  -75773.2681  0.3303
   00260    0.4200  -75797.2024  0.3304
   00261    0.4117  -75735.8718  0.3303
   00262    0.4156  -75889.6714  0.3298
   00263    0.4128  -75926.7977  0.3293
   00264    0.4212  -75877.3961  0.3311
   00265    0.4103  -75815.6384  0.3338
   00266    0.4143  -76023.5429  0.3339
   00267    0.4174  -75993.9369  0.3326
   00268    0.4114  -76022.1274  0.3339
   00269    0.4093  -76061.4443  0.3350
   00270    0.4154  -76000.1120  0.3348
   00271    0.4164  -76016.9904  0.3345
   00272    0.4164  -76052.6834  0.3341
   00273    0.4144  -75941.3818  0.3356
   00274    0.4077  -75921.4025  0.3354
   00275    0.4142  -75893.3807  0.3349
   00276    0.4157  -75995.9608  0.3350
   00277    0.4194  -75944.6905  0.3340
   00278    0.4147  -75949.6139  0.3345
   00279    0.4124  -75982.3248  0.3347
   00280    0.4172  -75894.1624  0.3343
   00281    0.4138  -75932.3554  0.3332
   00282    0.4126  -76076.4147  0.3320
   00283    0.4062  -76090.3904  0.3324
   00284    0.4122  -76187.3387  0.3312
   00285    0.4142  -76161.2578  0.3313
   00286    0.4121  -76113.5785  0.3323
   00287    0.4173  -76117.3522  0.3330
   00288    0.4088  -76049.3815  0.3315
   00289    0.4157  -76144.6345  0.3333
   00290    0.4043  -76213.5989  0.3343
   00291    0.4110  -76140.0308  0.3332
   00292    0.4099  -76052.8726  0.3315
   00293    0.4101  -76027.7564  0.3310
   00294    0.4089  -76020.9565  0.3303
   00295    0.4109  -76078.5439  0.3314
   00296    0.4168  -76046.8871  0.3309
   00297    0.4143  -75930.9882  0.3307
   00298    0.4151  -75972.7757  0.3319
   00299    0.4189  -75928.4610  0.3307
   00300    0.4156  -75948.6298  0.3304
   00301    0.4173  -76007.6166  0.3296
   00302    0.4157  -76078.3548  0.3315
   00303    0.4170  -75992.3339  0.3301
   00304    0.4135  -75979.9631  0.3333
   00305    0.4142  -75859.0056  0.3344
   00306    0.4129  -75952.5997  0.3329
   00307    0.4112  -75879.7030  0.3323
   00308    0.4177  -75825.0864  0.3338
   00309    0.4072  -75853.1669  0.3360
   00310    0.4138  -75974.7163  0.3357
   00311    0.4104  -76004.7821  0.3340
   00312    0.4147  -76085.1823  0.3339
   00313    0.4103  -76152.8352  0.3344
   00314    0.4142  -76141.7961  0.3343
   00315    0.4079  -76104.7595  0.3360
   00316    0.4142  -76117.3538  0.3385
   00317    0.4185  -76113.0350  0.3381
   00318    0.4154  -76050.4476  0.3395
   00319    0.4082  -76184.9288  0.3427
   00320    0.4103  -76211.6955  0.3441
   00321    0.4122  -76113.0941  0.3431
   00322    0.4200  -76012.3696  0.3438
   00323    0.4209  -75892.9969  0.3449
   00324    0.4123  -75944.8242  0.3452
   00325    0.4120  -76125.7732  0.3449
   00326    0.4143  -76105.0433  0.3454
   00327    0.4178  -76074.1138  0.3443
   00328    0.4170  -76046.8709  0.3452
   00329    0.4071  -76125.0622  0.3465
   00330    0.4068  -76241.4870  0.3478
   00331    0.4156  -76282.5978  0.3490
   00332    0.4092  -76183.8350  0.3493
   00333    0.4154  -76094.0682  0.3491
   00334    0.4198  -76097.6954  0.3481
   00335    0.4210  -76233.2178  0.3492
   00336    0.4119  -75997.0670  0.3484
   00337    0.4169  -75965.7784  0.3480
   00338    0.4190  -75898.0906  0.3478
   00339    0.4107  -76011.8886  0.3485
   00340    0.4159  -76136.2006  0.3492
   00341    0.4119  -76158.6128  0.3503
   00342    0.4108  -76106.5712  0.3492
   00343    0.4122  -76135.1968  0.3505
   00344    0.4114  -76197.4003  0.3484
   00345    0.4142  -76166.5407  0.3507
   00346    0.4108  -76111.4136  0.3491
   00347    0.4122  -76090.5159  0.3493
   00348    0.4096  -76147.0107  0.3483
   00349    0.4141  -76040.4339  0.3506
   00350    0.4156  -76256.0145  0.3515
   00351    0.4088  -76110.8917  0.3518
   00352    0.4056  -76005.4167  0.3519
   00353    0.4142  -75953.4603  0.3516
   00354    0.4139  -76040.1135  0.3509
   00355    0.4170  -76165.1466  0.3526
   00356    0.4102  -76054.1956  0.3507
   00357    0.4132  -75966.3581  0.3492
   00358    0.4186  -76010.3779  0.3491
   00359    0.4162  -76094.5616  0.3506
   00360    0.4115  -76094.8554  0.3515
   00361    0.4152  -76127.6560  0.3510
   00362    0.4128  -76107.6954  0.3504
   00363    0.4131  -76171.2667  0.3503
   00364    0.4156  -76088.6227  0.3495
   00365    0.4114  -76066.2378  0.3466
   00366    0.4117  -76153.4513  0.3475
   00367    0.4127  -75994.8698  0.3443
   00368    0.4117  -76009.3135  0.3442
   00369    0.4155  -76134.0830  0.3440
   00370    0.4104  -76200.9441  0.3454
   00371    0.4120  -76191.0161  0.3467
   00372    0.4148  -76129.8831  0.3479
   00373    0.4128  -76062.7698  0.3484
   00374    0.4177  -76022.7306  0.3493
   00375    0.4092  -76052.4789  0.3498
   00376    0.4164  -76035.7499  0.3490
   00377    0.4100  -76157.0445  0.3489
   00378    0.4169  -76169.6459  0.3504
   00379    0.4128  -76105.9384  0.3503
   00380    0.4112  -76210.7392  0.3508
   00381    0.4250  -76254.1971  0.3511
   00382    0.4110  -76194.1674  0.3503
   00383    0.4100  -76201.0107  0.3521
   00384    0.4138  -76204.9885  0.3540
   00385    0.4157  -76198.0004  0.3560
   00386    0.4116  -76235.6008  0.3554
   00387    0.4123  -76349.9579  0.3559
   00388    0.4180  -76216.9663  0.3556
   00389    0.4077  -76159.8544  0.3556
   00390    0.4105  -76113.8064  0.3548
   00391    0.4121  -76102.3410  0.3544
   00392    0.4134  -76025.4429  0.3551
   00393    0.4199  -76236.7420  0.3538
   00394    0.4127  -76251.5132  0.3528
   00395    0.4157  -76233.5354  0.3524
   00396    0.4105  -76163.5549  0.3532
   00397    0.4074  -76250.5388  0.3525
   00398    0.4162  -76211.5642  0.3532
   00399    0.4152  -76235.6072  0.3514
   00400    0.4138  -76283.8787  0.3508
   00401    0.4071  -76390.2914  0.3527
   00402    0.4087  -76497.9263  0.3530
   00403    0.4122  -76458.5968  0.3528
   00404    0.4147  -76422.4596  0.3517
   00405    0.4123  -76435.3842  0.3529
   00406    0.4085  -76507.1570  0.3529
   00407    0.4150  -76585.5567  0.3541
   00408    0.4127  -76487.4386  0.3549
   00409    0.4114  -76345.6826  0.3552
   00410    0.4130  -76149.2133  0.3583
   00411    0.4143  -76151.3168  0.3591
   00412    0.4108  -76244.8552  0.3576
   00413    0.4160  -76210.4282  0.3572
   00414    0.4170  -76200.5803  0.3563
   00415    0.4142  -76224.4620  0.3574
   00416    0.4112  -76271.0139  0.3566
   00417    0.4148  -76233.9863  0.3562
   00418    0.4094  -76300.2284  0.3553
   00419    0.4166  -76232.9206  0.3551
   00420    0.4159  -76247.6785  0.3545
   00421    0.4125  -76235.6115  0.3552
   00422    0.4206  -76238.0990  0.3540
   00423    0.4095  -76404.9396  0.3543
   00424    0.4168  -76459.3533  0.3573
   00425    0.4112  -76438.1519  0.3558
   00426    0.4118  -76262.8072  0.3563
   00427    0.4132  -76253.8440  0.3566
   00428    0.4157  -76318.6245  0.3562
   00429    0.4039  -76349.5610  0.3562
   00430    0.4167  -76381.7130  0.3559
   00431    0.4147  -76483.2138  0.3535
   00432    0.4110  -76558.1507  0.3531
   00433    0.4131  -76562.6903  0.3549
   00434    0.4089  -76377.2276  0.3530
   00435    0.4139  -76287.1412  0.3518
   00436    0.4152  -76364.6957  0.3507
   00437    0.4108  -76251.1884  0.3498
   00438    0.4144  -76258.5312  0.3490
   00439    0.4133  -76244.2095  0.3494
   00440    0.4104  -76238.3857  0.3492
   00441    0.4092  -76448.9932  0.3521
   00442    0.4066  -76365.3704  0.3543
   00443    0.4158  -76367.4987  0.3523
   00444    0.4132  -76408.6518  0.3532
   00445    0.4110  -76211.8693  0.3503
   00446    0.4075  -76203.6869  0.3493
   00447    0.4144  -76353.5835  0.3520
   00448    0.4095  -76302.2280  0.3534
   00449    0.4120  -76412.4516  0.3542
   00450    0.4129  -76463.2884  0.3530
   00451    0.4123  -76502.6400  0.3533
   00452    0.4113  -76404.1176  0.3536
   00453    0.4116  -76379.7660  0.3530
   00454    0.4159  -76436.7651  0.3544
   00455    0.4135  -76378.5214  0.3556
   00456    0.4165  -76300.0567  0.3551
   00457    0.4116  -76345.0005  0.3561
   00458    0.4118  -76188.5177  0.3550
   00459    0.4086  -76297.1260  0.3558
   00460    0.4136  -76257.3773  0.3568
   00461    0.4169  -76313.0018  0.3583
   00462    0.4144  -76228.0668  0.3589
   00463    0.4177  -76403.8852  0.3602
   00464    0.4123  -76364.1130  0.3581
   00465    0.4098  -76407.3630  0.3574
   00466    0.4077  -76282.5482  0.3580
   00467    0.4118  -76251.0782  0.3565
   00468    0.4090  -76170.4707  0.3561
   00469    0.4152  -76248.7383  0.3555
   00470    0.4101  -76266.8821  0.3554
   00471    0.4180  -76381.3215  0.3570
   00472    0.4138  -76311.0021  0.3572
   00473    0.4156  -76294.9271  0.3570
   00474    0.4108  -76313.8486  0.3561
   00475    0.4139  -76272.4158  0.3554
   00476    0.4148  -76293.4605  0.3563
   00477    0.4106  -76375.0275  0.3563
   00478    0.4091  -76408.1207  0.3591
   00479    0.4065  -76576.3122  0.3598
   00480    0.4072  -76617.8068  0.3597
   00481    0.4079  -76585.5878  0.3574
   00482    0.4061  -76673.3732  0.3570
   00483    0.4125  -76639.9615  0.3581
   00484    0.4116  -76517.0199  0.3593
   00485    0.4013  -76503.1056  0.3595
   00486    0.4132  -76420.9082  0.3588
   00487    0.4057  -76505.2476  0.3600
   00488    0.4100  -76398.0079  0.3600
   00489    0.4156  -76206.3805  0.3607
   00490    0.4062  -76314.1350  0.3610
   00491    0.4116  -76307.0903  0.3615
   00492    0.4167  -76410.0587  0.3605
   00493    0.4098  -76526.6031  0.3608
   00494    0.4176  -76629.5582  0.3622
   00495    0.4106  -76623.1755  0.3647
   00496    0.4074  -76510.5428  0.3636
   00497    0.4108  -76477.0852  0.3637
   00498    0.4120  -76499.4661  0.3641
   00499    0.4118  -76402.2814  0.3649
   00500    0.4116  -76610.5511  0.3637
