#=====================================================
# File created:        Sun-23-Feb-2025-at-01-11-16PM
# Size of lattice:     150x150
# Number of MC steps:  500
# Reduced temperature: 0.500
# Run time (s):        1.282638
#=====================================================
# MC step:  Ratio:     Energy:   Order:
#=====================================================
   00000    0.5000  -22904.2881  0.2558
   00001    0.6952  -34863.4327  0.2569
   00002    0.6165  -42234.9152  0.2601
   00003    0.5659  -46924.0833  0.2609
   00004    0.5280  -50484.1762  0.2622
   00005    0.5056  -52985.7278  0.2591
   00006    0.4881  -54906.7845  0.2578
   00007    0.4746  -56491.0293  0.2595
   00008    0.4647  -57832.7374  0.2611
   00009    0.4554  -58845.6120  0.2579
   00010    0.4498  -59673.4398  0.2577
   00011    0.4456  -60530.6689  0.2585
   00012    0.4376  -61281.0838  0.2582
   00013    0.4350  -61699.1814  0.2579
   00014    0.4370  -62046.1805  0.2567
   00015    0.4347  -62379.7642  0.2576
   00016    0.4329  -62827.1793  0.2579
   00017    0.4330  -63231.3407  0.2590
   00018    0.4265  -63532.6984  0.2581
   00019    0.4217  -63899.4412  0.2560
   00020    0.4211  -64216.7182  0.2545
   00021    0.4229  -64307.9946  0.2555
   00022    0.4224  -64393.5715  0.2543
   00023    0.4196  -64697.9853  0.2568
   00024    0.4210  -64815.8369  0.2544
   00025    0.4150  -64897.6181  0.2555
   00026    0.4187  -65151.9490  0.2550
   00027    0.4167  -65227.5759  0.2564
   00028    0.4180  -65328.6526  0.2580
   00029    0.4172  -65483.3728  0.2587
   00030    0.4172  -65387.5466  0.2594
   00031    0.4169  -65437.0949  0.2607
   00032    0.4179  -65794.1710  0.2596
   00033    0.4156  -65909.8520  0.2577
   00034    0.4152  -66033.6043  0.2566
   00035    0.4153  -66170.4734  0.2553
   00036    0.4156  -66244.4758  0.2542
   00037    0.4184  -66289.8898  0.2539
   00038    0.4156  -66431.9169  0.2552
   00039    0.4132  -66470.4189  0.2565
   00040    0.4165  -66499.6704  0.2577
   00041    0.4139  -66500.0986  0.2569
   00042    0.4110  -66576.8587  0.2587
   00043    0.4056  -66739.0522  0.2597
   00044    0.4124  -66732.4738  0.2610
   00045    0.4066  -66661.3915  0.2605
   00046    0.4166  -66612.1314  0.2622
   00047    0.4151  -66757.1570  0.2649
   00048    0.4132  -66901.9910  0.2643
   00049    0.4095  -66974.7833  0.2656
   00050    0.4098  -66988.2186  0.2666
   00051    0.4110  -66974.2199  0.2676
   00052    0.4054  -67039.6964  0.2678
   00053    0.4097  -67009.5257  0.2685
   00054    0.4070  -67128.8964  0.2675
   00055    0.4070  -67244.1363  0.2664
   00056    0.4088  -67212.8701  0.2649
   00057    0.4079  -67163.5473  0.2651
   00058    0.4124  -67142.5357  0.2647
   00059    0.4097  -67208.5588  0.2643
   00060    0.4092  -67233.9624  0.2633
   00061    0.4164  -67367.8969  0.2649
   00062    0.4132  -67485.5829  0.2656
   00063    0.4083  -67548.0300  0.2656
   00064    0.4064  -67463.3562  0.2657
   00065    0.4058  -67581.5724  0.2672
   00066    0.4080  -67493.7318  0.2704
   00067    0.4065  -67448.1863  0.2718
   00068    0.4087  -67600.4723  0.2743
   00069    0.4124  -67628.8624  0.2733
   00070    0.4075  -67778.3426  0.2716
   00071    0.4044  -67781.5315  0.2706
   00072    0.4084  -67761.3105  0.2701
   00073    0.4101  -67791.6357  0.2721
   00074    0.4090  -67780.7072  0.2710
   00075    0.4028  -67844.3878  0.2702
   00076    0.4052  -67835.6302  0.2696
   00077    0.4072  -67800.5309  0.2701
   00078    0.4026  -67789.3650  0.2695
   00079    0.4050  -67839.6524  0.2684
   00080    0.4080  -67937.1064  0.2695
   00081    0.4051  -68000.3850  0.2713
   00082    0.4047  -68061.8632  0.2699
   00083    0.4082  -68074.2017  0.2686
   00084    0.3996  -68008.9159  0.2668
   00085    0.4010  -67870.4151  0.2684
   00086    0.4067  -67901.7681  0.2720
   00087    0.4068  -67905.2735  0.2706
   00088    0.3984  -67762.9512  0.2718
   00089    0.4076  -67895.3083  0.2737
   00090    0.4063  -67839.5407  0.2726
   00091    0.4043  -67725.2610  0.2702
   00092    0.4094  -67880.0609  0.2694
   00093    0.4121  -68034.9403  0.2671
   00094    0.4037  -67946.0393  0.2653
   00095    0.4061  -67928.3047  0.2635
   00096    0.4063  -67839.4831  0.2641
   00097    0.4030  -67779.9379  0.2644
   00098    0.4032  -67812.7412  0.2657
   00099    0.4027  -67787.9091  0.2662
   00100    0.4037  -67948.4960  0.2666
   00101    0.4036  -67854.3007  0.2674
   00102    0.4020  -67828.3432  0.2668
   00103    0.4032  -67957.7651  0.2676
   00104    0.4028  -68011.8046  0.2695
   00105    0.4052  -68049.5117  0.2702
   00106    0.4018  -68156.5156  0.2705
   00107    0.4024  -68139.0837  0.2690
   00108    0.3974  -68115.9293  0.2667
   00109    0.4037  -68072.1761  0.2654
   00110    0.4044  -67992.7541  0.2655
   00111    0.4041  -68017.2069  0.2660
   00112    0.3990  -68207.7720  0.2623
   00113    0.4013  -68139.9670  0.2601
   00114    0.4042  -68108.7743  0.2573
   00115    0.4034  -67977.1904  0.2573
   00116    0.4072  -67876.4912  0.2588
   00117    0.4016  -67880.6764  0.2621
   00118    0.4012  -67908.1947  0.2617
   00119    0.4068  -67921.8933  0.2632
   00120    0.4069  -67967.4011  0.2658
   00121    0.4061  -68033.7862  0.2662
   00122    0.4086  -68081.2895  0.2641
   00123    0.4088  -68146.1207  0.2627
   00124    0.4038  -68174.4355  0.2637
   00125    0.4018  -68116.3686  0.2631
   00126    0.4038  -68189.8400  0.2637
   00127    0.4079  -68328.3106  0.2641
   00128    0.4052  -68487.4947  0.2647
   00129    0.4069  -68412.0076  0.2676
   00130    0.4046  -68394.9285  0.2664
   00131    0.4052  -68466.1013  0.2687
   00132    0.4037  -68450.5290  0.2700
   00133    0.4031  -68444.8377  0.2720
   00134    0.4015  -68546.0513  0.2717
   00135    0.4018  -68492.8092  0.2726
   00136    0.3997  -68449.0897  0.2720
   00137    0.4020  -68410.9641  0.2721
   00138    0.4004  -68441.3816  0.2699
   00139    0.4003  -68427.0114  0.2711
   00140    0.4019  -68329.6717  0.2706
   00141    0.4004  -68291.9661  0.2691
   00142    0.4060  -68381.0593  0.2704
   00143    0.4122  -68301.3504  0.2683
   00144    0.4039  -68153.0264  0.2669
   00145    0.4037  -68412.3884  0.2652
   00146    0.4079  -68526.4452  0.2664
   00147    0.4071  -68676.5655  0.2658
   00148    0.4069  -68640.1366  0.2683
   00149    0.4010  -68655.2795  0.2655
   00150    0.4016  -68696.8787  0.2640
   00151    0.4027  -68619.0277  0.2625
   00152    0.4063  -68678.5338  0.2608
   00153    0.4005  -68708.3393  0.2607
   00154    0.4016  -68631.4104  0.2612
   00155    0.4012  -68629.4923  0.2620
   00156    0.3996  -68697.7870  0.2619
   00157    0.4058  -68662.8532  0.2640
   00158    0.4020  -68597.3234  0.2665
   00159    0.4026  -68463.7490  0.2686
   00160    0.3998  -68422.5426  0.2685
   00161    0.4069  -68418.1847  0.2674
   00162    0.4004  -68480.1046  0.2660
   00163    0.4012  -68570.7767  0.2648
   00164    0.3985  -68447.5371  0.2654
   00165    0.4011  -68505.7381  0.2630
   00166    0.4021  -68714.5042  0.2602
   00167    0.4006  -68743.7174  0.2606
   00168    0.4005  -68553.3457  0.2585
   00169    0.4064  -68533.3320  0.2572
   00170    0.4031  -68648.3189  0.2612
   00171    0.4034  -68502.3130  0.2629
   00172    0.4020  -68450.5384  0.2632
   00173    0.4050  -68357.4828  0.2618
   00174    0.4040  -68291.6647  0.2643
   00175    0.4034  -68369.7113  0.2619
   00176    0.4011  -68416.1068  0.2611
   00177    0.4019  -68450.9583  0.2606
   00178    0.4052  -68547.0768  0.2605
   00179    0.3957  -68609.3042  0.2615
   00180    0.4059  -68486.6296  0.2576
   00181    0.4066  -68460.6020  0.2557
   00182    0.4085  -68404.4677  0.2568
   00183    0.4012  -68401.9356  0.2582
   00184    0.4051  -68379.9906  0.2576
   00185    0.4054  -68433.6661  0.2570
   00186    0.4053  -68474.8263  0.2575
   00187    0.4032  -68505.1305  0.2564
   00188    0.3980  -68564.5620  0.2541
   00189    0.4030  -68461.8784  0.2564
   00190    0.3971  -68425.4781  0.2578
   00191    0.4009  -68458.0097  0.2600
   00192    0.4036  -68459.2542  0.2598
   00193    0.4007  -68532.3179  0.2597
   00194    0.4033  -68435.0625  0.2603
   00195    0.3979  -68486.1372  0.2593
   00196    0.3964  -68438.3167  0.2590
   00197    0.4025  -68544.4085  0.2602
   00198    0.3986  -68485.3248  0.2602
   00199    0.4038  -68593.2002  0.2613
   00200    0.4005  -68554.6523  0.2635
   00201    0.4004  -68631.2846  0.2644
   00202    0.3964  -68660.2743  0.2631
   00203    0.4008  -68749.9823  0.2642
   00204    0.3987  -68495.8602  0.2637
   00205    0.4036  -68560.7278  0.2611
   00206    0.4062  -68468.2542  0.2635
   00207    0.4000  -68513.1614  0.2651
   00208    0.4001  -68541.4777  0.2652
   00209    0.4031  -68566.0760  0.2624
   00210    0.4031  -68495.4169  0.2632
   00211    0.3992  -68652.4730  0.2654
   00212    0.4034  -68634.1306  0.2658
   00213    0.3972  -68688.3730  0.2642
   00214    0.3982  -68641.4102  0.2670
   00215    0.4008  -68671.3740  0.2658
   00216    0.4038  -68650.6478  0.2681
   00217    0.4079  -68592.0372  0.2688
   00218    0.4040  -68578.9423  0.2679
   00219    0.4061  -68558.5098  0.2662
   00220    0.4045  -68418.0347  0.2667
   00221    0.4031  -68474.8050  0.2677
   00222    0.4020  -68551.2242  0.2667
   00223    0.4028  -68785.4392  0.2679
   00224    0.4042  -68905.7989  0.2681
   00225    0.4035  -68777.0281  0.2697
   00226    0.4086  -68738.9055  0.2708
   00227    0.4085  -68537.9220  0.2704
   00228    0.4010  -68636.4044  0.2742
   00229    0.4019  -68725.5310  0.2743
   00230    0.4052  -68747.4907  0.2739
   00231    0.4010  -68808.2314  0.2727
   00232    0.4064  -68621.3502  0.2738
   00233    0.4049  -68612.6032  0.2741
   00234    0.4040  -68695.4962  0.2774
   00235    0.4031  -68738.8536  0.2803
   00236    0.4007  -68671.6760  0.2814
   00237    0.4040  -68693.1187  0.2823
   00238    0.3989  -68689.8250  0.2836
   00239    0.3997  -68757.1117  0.2826
   00240    0.3998  -68647.2674  0.2828
   00241    0.4009  -68604.5282  0.2783
   00242    0.3982  -68603.9057  0.2791
   00243    0.4095  -68649.6174  0.2793
   00244    0.3956  -68687.7180  0.2794
   00245    0.4008  -68621.0505  0.2802
   00246    0.4004  -68747.2196  0.2784
   00247    0.4050  -68651.1499  0.2804
   00248    0.4035  -68716.9759  0.2818
   00249    0.4067  -68763.1736  0.2797
   00250    0.3995  -68718.4384  0.2798
   00251    0.3996  -68601.4229  0.2778
   00252    0.4081  -68674.1013  0.2748
   00253    0.4089  -68718.0223  0.2738
   00254    0.4046  -68953.7859  0.2723
   00255    0.4074  -68999.9986  0.2736
   00256    0.4034  -68943.7572  0.2751
   00257    0.3953  -68935.3532  0.2754
   00258    0.4036  -68933.9558  0.2739
   00259    0.3956  -69009.5881  0.2735
   00260    0.3987  -68808.0443  0.2738
   00261    0.3992  -68543.7652  0.2753
   00262    0.4061  -68704.4752  0.2755
   00263    0.3990  -68627.2867  0.2742
   00264    0.4032  -68712.3908  0.2719
   00265    0.4054  -68674.8779  0.2715
   00266    0.4062  -68589.2300  0.2707
   00267    0.4026  -68486.4680  0.2694
   00268    0.4050  -68637.2916  0.2697
   00269    0.4062  -68763.5303  0.2691
   00270    0.4064  -68688.5133  0.2707
   00271    0.4046  -68686.6119  0.2712
   00272    0.4020  -68661.0539  0.2722
   00273    0.4000  -68646.6367  0.2742
   00274    0.4070  -68617.0491  0.2711
   00275    0.4020  -68715.5839  0.2699
   00276    0.4041  -68803.2813  0.2703
   00277    0.4040  -68918.5663  0.2698
   00278    0.4033  -68783.2414  0.2708
   00279    0.3982  -68730.8633  0.2716
   00280    0.4087  -68701.9057  0.2716
   00281    0.4065  -68656.4247  0.2729
   00282    0.4070  -68688.2571  0.2740
   00283    0.4018  -68920.9444  0.2752
   00284    0.4040  -68949.0807  0.2751
   00285    0.4057  -68906.7521  0.2762
   00286    0.4047  -68901.7732  0.2763
   00287    0.4108  -68957.8231  0.2772
   00288    0.4039  -69025.4286  0.2804
   00289    0.4059  -69099.6046  0.2803
   00290    0.4030  -69165.6111  0.2795
   00291    0.4041  -69117.5885  0.2801
   00292    0.4034  -69082.9002  0.2777
   00293    0.4007  -69139.3867  0.2783
   00294    0.4030  -69021.3445  0.2755
   00295    0.4008  -69084.5155  0.2736
   00296    0.4018  -69162.8936  0.2714
   00297    0.4013  -69069.7371  0.2700
   00298    0.4007  -68980.5536  0.2694
   00299    0.3973  -69069.6734  0.2716
   00300    0.3996  -69047.8628  0.2716
   00301    0.4007  -68963.7084  0.2701
   00302    0.4020  -69073.5684  0.2731
   00303    0.4024  -69070.5521  0.2723
   00304    0.4029  -68928.9514  0.2743
   00305    0.3972  -68847.4084  0.2739
   00306    0.3952  -68922.0752  0.2757
   00307    0.4004  -68942.0703  0.2763
   00308    0.3939  -68871.8569  0.2754
   00309    0.3952  -68721.8527  0.2758
   00310    0.3987  -68726.7883  0.2703
   00311    0.3984  -68908.4112  0.2690
   00312    0.4057  -69009.4851  0.2686
   00313    0.4052  -68941.1492  0.2676
   00314    0.4032  -68968.2696  0.2697
   00315    0.4032  -69033.3234  0.2720
   00316    0.4010  -69032.0389  0.2703
   00317    0.4008  -68976.3358  0.2711
   00318    0.3992  -69130.4087  0.2696
   00319    0.3992  -69158.1213  0.2681
   00320    0.3969  -69016.6788  0.2704
   00321    0.3984  -69042.5065  0.2684
   00322    0.4007  -69044.9578  0.2701
   00323    0.3967  -69047.7132  0.2717
   00324    0.3969  -68831.4261  0.2727
   00325    0.4009  -68882.7072  0.2713
   00326    0.3983  -68942.5860  0.2722
   00327    0.3978  -69000.2801  0.2734
   00328    0.4048  -68777.2492  0.2710
   00329    0.4003  -68786.0509  0.2696
   00330    0.4014  -68693.7942  0.2678
   00331    0.4040  -68724.7749  0.2660
   00332    0.4065  -68724.2509  0.2650
   00333    0.4070  -68849.8428  0.2647
   00334    0.4007  -68846.3009  0.2641
   00335    0.4056  -68802.8884  0.2644
   00336    0.4104  -68978.0951  0.2657
   00337    0.4026  -69104.9467  0.2650
   00338    0.4042  -69220.4365  0.2642
   00339    0.4014  -69286.2529  0.2658
   00340    0.4026  -69202.6842  0.2664
   00341    0.4018  -69091.2268  0.2671
   00342    0.4028  -69104.5089  0.2669
   00343    0.4021  -69158.6116  0.2670
   00344    0.3974  -69123.1932  0.2685
   00345    0.3991  -69109.6906  0.2679
   00346    0.3987  -68966.3864  0.2683
   00347    0.4062  -68940.7818  0.2707
   00348    0.4004  -68894.0645  0.2739
   00349    0.4057  -68918.8743  0.2746
   00350    0.4039  -68980.2333  0.2752
   00351    0.4019  -69083.8416  0.2744
   00352    0.3995  -69125.0108  0.2749
   00353    0.3965  -69096.5406  0.2730
   00354    0.3983  -68877.2125  0.2738
   00355    0.4036  -68774.8487  0.2734
   00356    0.4001  -68822.4915  0.2722
   00357    0.4028  -69073.2862  0.2749
   00358    0.4011  -69074.1738  0.2784
   00359    0.3960  -69066.0959  0.2797
   00360    0.4047  -68937.3911  0.2807
   00361    0.3995  -68949.4256  0.2825
   00362    0.4042  -68877.6446  0.2819
   00363    0.4042  -68760.3553  0.2829
   00364    0.4028  -68934.4449  0.2806
   00365    0.4065  -68963.1062  0.2803
   00366    0.4037  -69114.5991  0.2806
   00367    0.4028  -68961.3031  0.2802
   00368    0.3979  -69132.5369  0.2779
   00369    0.4023  -69148.8534  0.2779
   00370    0.3982  -69136.6407  0.2762
   00371    0.4056  -69134.1879  0.2741
   00372    0.4041  -69202.7993  0.2734
   00373    0.3987  -69206.2376  0.2732
   00374    0.4038  -69048.8250  0.2725
   00375    0.4012  -69113.8503  0.2747
   00376    0.4028  -69115.6213  0.2759
   00377    0.3998  -69074.3547  0.2764
   00378    0.4023  -69225.5487  0.2766
   00379    0.4037  -69159.9513  0.2775
   00380    0.4035  -69144.4803  0.2785
   00381    0.3984  -69304.4491  0.2780
   00382    0.4053  -69326.0666  0.2770
   00383    0.4009  -69312.7113  0.2776
   00384    0.4015  -69194.2890  0.2780
   00385    0.4004  -69297.2423  0.2763
   00386    0.3980  -69153.0398  0.2756
   00387    0.3980  -69132.8179  0.2739
   00388    0.4000  -69002.9787  0.2775
   00389    0.4004  -68853.0068  0.2780
   00390    0.3984  -68916.9832  0.2814
   00391    0.3995  -68752.5142  0.2841
   00392    0.3996  -68875.9209  0.2848
   00393    0.4012  -68851.6951  0.2860
   00394    0.3955  -68888.0875  0.2853
   00395    0.4025  -68834.6508  0.2868
   00396    0.4024  -68872.3642  0.2872
   00397    0.4030  -68924.9686  0.2864
   00398    0.4035  -68879.1277  0.2854
   00399    0.3992  -68931.6903  0.2869
   00400    0.4024  -68845.4122  0.2860
   00401    0.4016  -68956.2348  0.2864
   00402    0.4079  -68782.4369  0.2873
   00403    0.4109  -68795.3226  0.2894
   00404    0.4052  -68650.9852  0.2893
   00405    0.4061  -68741.6832  0.2919
   00406    0.4039  -68825.4310  0.2920
   00407    0.4045  -69028.4569  0.2898
   00408    0.4002  -69106.7740  0.2890
   00409    0.3997  -69126.9270  0.2850
   00410    0.4003  -69177.2463  0.2837
   00411    0.4015  -68984.6024  0.2845
   00412    0.3994  -68926.7781  0.2835
   00413    0.4029  -68980.8926  0.2804
   00414    0.4024  -68943.0002  0.2798
   00415    0.4086  -68903.4403  0.2784
   00416    0.4066  -68921.4886  0.2782
   00417    0.3967  -69047.9125  0.2797
   00418    0.4022  -69102.8074  0.2836
   00419    0.3993  -69195.5534  0.2819
   00420    0.4007  -69191.2021  0.2811
   00421    0.3979  -69030.6545  0.2803
   00422    0.4015  -69050.4067  0.2785
   00423    0.4013  -69010.3995  0.2773
   00424    0.4011  -69073.3581  0.2771
   00425    0.3948  -68961.2153  0.2760
   00426    0.4007  -68913.1505  0.2752
   00427    0.3993  -68951.0985  0.2737
   00428    0.4059  -68939.9660  0.2760
   00429    0.3966  -68858.3128  0.2796
   00430    0.4000  -68903.9966  0.2836
   00431    0.4015  -68960.9473  0.2852
   00432    0.4013  -68919.3039  0.2856
   00433    0.4015  -68956.8179  0.2859
   00434    0.4002  -68994.3162  0.2822
   00435    0.3993  -68962.0193  0.2805
   00436    0.3970  -68864.2312  0.2772
   00437    0.4029  -68874.1234  0.2759
   00438    0.4029  -68997.9965  0.2745
   00439    0.4092  -68859.1079  0.2737
   00440    0.4035  -68969.9679  0.2743
   00441    0.4008  -68960.1252  0.2746
   00442    0.3972  -68823.0780  0.2719
   00443    0.4021  -68715.9328  0.2714
   00444    0.4025  -68677.4992  0.2688
   00445    0.3991  -68969.7773  0.2672
   00446    0.3985  -68978.7665  0.2669
   00447    0.3960  -68947.7703  0.2650
   00448    0.4021  -68782.9198  0.2612
   00449    0.4054  -68773.1802  0.2636
   00450    0.4005  -68796.1276  0.2648
   00451    0.4020  -68784.6522  0.2649
   00452    0.4063  -68780.2107  0.2683
   00453    0.4057  -68967.1943  0.2704
   00454    0.4000  -69123.8243  0.2698
   00455    0.4015  -68999.4240  0.2700
   00456    0.3982  -68783.7046  0.2700
   00457    0.4059  -68819.7601  0.2697
   00458    0.4047  -68763.7749  0.2688
   00459    0.3984  -68944.0177  0.2681
   00460    0.4009  -69050.3286  0.2673
   00461    0.3971  -68891.6640  0.2680
   00462    0.4065  -68943.9190  0.2655
   00463    0.4003  -69027.7865  0.2680
   00464    0.4036  -68987.6317  0.2679
   00465    0.4016  -68868.5444  0.2662
   00466    0.3980  -68890.1762  0.2663
   00467    0.3980  -68792.8481  0.2664
   00468    0.4054  -68654.8455  0.2668
   00469    0.4031  -68769.3701  0.2676
   00470    0.4028  -68827.0867  0.2671
   00471    0.4024  -68889.1342  0.2701
   00472    0.4012  -68949.0970  0.2723
   00473    0.4007  -68957.3370  0.2732
   00474    0.4054  -68922.5019  0.2714
   00475    0.4024  -68871.9750  0.2723
   00476    0.3944  -68867.8951  0.2729
   00477    0.4033  -68840.0340  0.2739
   00478    0.4035  -68806.1700  0.2749
   00479    0.4022  -68679.9795  0.2735
   00480    0.4034  -68648.7026  0.2759
   00481    0.4010  -68627.3763  0.2756
   00482    0.4091  -68692.9159  0.2764
   00483    0.4114  -68790.3419  0.2750
   00484    0.4097  -68774.9953  0.2749
   00485    0.4028  -68927.8942  0.2727
   00486    0.3996  -69052.0523  0.2706
   00487    0.3992  -69069.6417  0.2710
   00488    0.3940  -69050.4659  0.2734
   00489    0.3989  -68907.5944  0.2744
   00490    0.4001  -68848.4512  0.2736
   00491    0.3990  -69062.9878  0.2719
   00492    0.3996  -69089.2406  0.2722
   00493    0.4080  -68940.5421  0.2718
   00494    0.4002  -69023.6541  0.2710
   00495    0.3997  -69014.7613  0.2711
   00496    0.4044  -68922.2795  0.2747
   00497    0.4037  -69048.8869  0.2776
   00498    0.4072  -69011.7772  0.2793
   00499    0.4012  -69129.0182  0.2792
   00500    0.4058  -69002.8636  0.2799
