#=====================================================
# File created:        Sat-22-Feb-2025-at-02-54-48PM
# Size of lattice:     150x150
# Number of MC steps:  500
# Reduced temperature: 0.500
# Run time (s):        3.658214
#=====================================================
# MC step:  Ratio:     Energy:   Order:
#=====================================================
   00000    0.5000  -22449.6823  0.2518
   00001    0.6794  -33333.1186  0.2540
   00002    0.6244  -40626.0646  0.2542
   00003    0.5866  -45734.4843  0.2553
   00004    0.5632  -49661.6238  0.2516
   00005    0.5341  -52623.0787  0.2534
   00006    0.5177  -55080.1841  0.2529
   00007    0.5035  -57232.9760  0.2522
   00008    0.4944  -58929.7414  0.2534
   00009    0.4913  -60410.6125  0.2555
   00010    0.4825  -61625.2214  0.2573
   00011    0.4763  -62794.9896  0.2595
   00012    0.4636  -63865.4767  0.2591
   00013    0.4620  -64668.2614  0.2571
   00014    0.4619  -65427.2818  0.2590
   00015    0.4604  -66063.3530  0.2604
   00016    0.4580  -66594.2443  0.2577
   00017    0.4490  -67088.7144  0.2568
   00018    0.4531  -67522.6095  0.2582
   00019    0.4536  -68064.7675  0.2586
   00020    0.4533  -68330.5281  0.2599
   00021    0.4484  -68639.5800  0.2598
   00022    0.4410  -68992.0936  0.2629
   00023    0.4435  -69191.9357  0.2613
   00024    0.4473  -69573.4593  0.2614
   00025    0.4434  -69727.3956  0.2630
   00026    0.4433  -69965.0128  0.2618
   00027    0.4376  -70099.9659  0.2621
   00028    0.4454  -70198.3501  0.2608
   00029    0.4401  -70447.1170  0.2633
   00030    0.4335  -70516.2283  0.2632
   00031    0.4373  -70695.8470  0.2638
   00032    0.4431  -70798.0078  0.2636
   00033    0.4387  -70932.3045  0.2615
   00034    0.4376  -71028.1119  0.2639
   00035    0.4318  -71271.1202  0.2641
   00036    0.4337  -71377.7910  0.2631
   00037    0.4316  -71572.7680  0.2608
   00038    0.4363  -71524.6922  0.2599
   00039    0.4292  -71743.7920  0.2584
   00040    0.4289  -71864.2379  0.2580
   00041    0.4278  -71904.8295  0.2573
   00042    0.4267  -71993.8138  0.2589
   00043    0.4311  -72036.6123  0.2591
   00044    0.4349  -72057.4910  0.2598
   00045    0.4283  -72250.2007  0.2600
   00046    0.4262  -72403.3731  0.2613
   00047    0.4310  -72409.2896  0.2632
   00048    0.4283  -72531.1426  0.2644
   00049    0.4306  -72631.2528  0.2652
   00050    0.4311  -72732.4570  0.2653
   00051    0.4264  -72861.3391  0.2659
   00052    0.4270  -72979.2323  0.2662
   00053    0.4300  -73056.3254  0.2663
   00054    0.4300  -73205.1788  0.2682
   00055    0.4242  -73208.3787  0.2685
   00056    0.4220  -73299.9888  0.2700
   00057    0.4208  -73247.4969  0.2680
   00058    0.4327  -73222.4932  0.2683
   00059    0.4214  -73363.0908  0.2690
   00060    0.4203  -73399.6279  0.2694
   00061    0.4270  -73271.1633  0.2716
   00062    0.4249  -73281.9271  0.2722
   00063    0.4282  -73459.8728  0.2729
   00064    0.4236  -73676.6390  0.2743
   00065    0.4196  -73698.1669  0.2731
   00066    0.4276  -73869.0027  0.2733
   00067    0.4183  -73880.7419  0.2745
   00068    0.4237  -73824.3113  0.2729
   00069    0.4228  -73910.6302  0.2720
   00070    0.4230  -73808.8476  0.2704
   00071    0.4179  -73955.4821  0.2724
   00072    0.4173  -73941.2874  0.2722
   00073    0.4219  -73915.6063  0.2745
   00074    0.4207  -73914.2614  0.2760
   00075    0.4209  -73773.0810  0.2744
   00076    0.4253  -73846.6746  0.2745
   00077    0.4217  -73894.9759  0.2736
   00078    0.4229  -73905.1037  0.2725
   00079    0.4176  -73975.2568  0.2688
   00080    0.4222  -73919.8758  0.2700
   00081    0.4221  -74071.3041  0.2671
   00082    0.4219  -74155.9362  0.2674
   00083    0.4207  -74112.0925  0.2682
   00084    0.4263  -74086.1224  0.2672
   00085    0.4184  -74051.0253  0.2682
   00086    0.4189  -74044.1174  0.2665
   00087    0.4153  -74064.7820  0.2683
   00088    0.4173  -74121.7545  0.2701
   00089    0.4249  -74104.8541  0.2693
   00090    0.4204  -74050.0730  0.2675
   00091    0.4195  -74255.5456  0.2687
   00092    0.4197  -74224.1020  0.2686
   00093    0.4213  -74256.0363  0.2691
   00094    0.4205  -74328.2862  0.2703
   00095    0.4278  -74294.2852  0.2726
   00096    0.4159  -74275.6566  0.2729
   00097    0.4196  -74306.3576  0.2712
   00098    0.4179  -74296.4308  0.2693
   00099    0.4196  -74306.3097  0.2721
   00100    0.4174  -74286.3559  0.2727
   00101    0.4249  -74378.3382  0.2697
   00102    0.4164  -74413.8754  0.2698
   00103    0.4190  -74361.8234  0.2704
   00104    0.4198  -74467.2433  0.2681
   00105    0.4223  -74260.8571  0.2690
   00106    0.4200  -74296.0757  0.2689
   00107    0.4255  -74334.9295  0.2667
   00108    0.4204  -74537.5318  0.2668
   00109    0.4189  -74647.0681  0.2678
   00110    0.4178  -74681.6227  0.2682
   00111    0.4147  -74703.2469  0.2684
   00112    0.4198  -74534.5620  0.2667
   00113    0.4182  -74650.5694  0.2668
   00114    0.4210  -74555.5705  0.2654
   00115    0.4149  -74607.9674  0.2660
   00116    0.4162  -74501.4005  0.2687
   00117    0.4162  -74617.4673  0.2704
   00118    0.4188  -74573.0026  0.2711
   00119    0.4124  -74645.5924  0.2705
   00120    0.4183  -74656.6020  0.2733
   00121    0.4250  -74558.5820  0.2728
   00122    0.4220  -74685.2013  0.2738
   00123    0.4168  -74693.7188  0.2726
   00124    0.4224  -74784.0733  0.2717
   00125    0.4232  -74877.5185  0.2704
   00126    0.4123  -74761.8819  0.2693
   00127    0.4232  -74768.5131  0.2694
   00128    0.4177  -74899.8107  0.2704
   00129    0.4148  -75049.3351  0.2732
   00130    0.4180  -74960.3109  0.2738
   00131    0.4157  -74995.8801  0.2765
   00132    0.4253  -75058.9372  0.2748
   00133    0.4150  -75118.2140  0.2743
   00134    0.4149  -74981.8666  0.2740
   00135    0.4177  -74953.4711  0.2727
   00136    0.4160  -75069.3621  0.2711
   00137    0.4227  -75150.0950  0.2727
   00138    0.4197  -75109.7640  0.2725
   00139    0.4135  -75141.6687  0.2726
   00140    0.4225  -75143.2936  0.2730
   00141    0.4219  -75108.0203  0.2740
   00142    0.4233  -74968.5998  0.2765
   00143    0.4203  -74910.1267  0.2782
   00144    0.4134  -75040.5335  0.2748
   00145    0.4135  -75086.4492  0.2740
   00146    0.4200  -75145.0823  0.2738
   00147    0.4241  -75109.8453  0.2760
   00148    0.4172  -75093.7589  0.2764
   00149    0.4243  -75028.7841  0.2786
   00150    0.4159  -75153.4780  0.2789
   00151    0.4123  -75188.9265  0.2813
   00152    0.4129  -75156.0723  0.2804
   00153    0.4164  -75258.1421  0.2852
   00154    0.4149  -75377.0869  0.2858
   00155    0.4171  -75458.7714  0.2859
   00156    0.4171  -75362.8246  0.2865
   00157    0.4192  -75357.0675  0.2865
   00158    0.4155  -75332.3475  0.2857
   00159    0.4111  -75393.1215  0.2863
   00160    0.4148  -75468.6351  0.2874
   00161    0.4152  -75413.3179  0.2876
   00162    0.4084  -75420.5648  0.2863
   00163    0.4159  -75355.2321  0.2856
   00164    0.4151  -75280.7715  0.2842
   00165    0.4190  -75354.7790  0.2841
   00166    0.4195  -75375.7518  0.2848
   00167    0.4203  -75389.3438  0.2817
   00168    0.4176  -75401.1286  0.2824
   00169    0.4129  -75472.5663  0.2844
   00170    0.4150  -75484.8023  0.2825
   00171    0.4155  -75417.6035  0.2839
   00172    0.4131  -75440.2531  0.2868
   00173    0.4115  -75542.5866  0.2860
   00174    0.4096  -75432.0352  0.2859
   00175    0.4162  -75408.0720  0.2878
   00176    0.4167  -75536.7418  0.2885
   00177    0.4180  -75428.1191  0.2888
   00178    0.4103  -75409.4784  0.2876
   00179    0.4133  -75407.9449  0.2896
   00180    0.4176  -75353.0472  0.2882
   00181    0.4174  -75273.0583  0.2900
   00182    0.4181  -75222.1171  0.2889
   00183    0.4214  -75272.8619  0.2880
   00184    0.4232  -75391.1309  0.2878
   00185    0.4169  -75375.5429  0.2894
   00186    0.4185  -75350.3315  0.2900
   00187    0.4153  -75372.2043  0.2907
   00188    0.4171  -75457.6338  0.2898
   00189    0.4241  -75562.1428  0.2902
   00190    0.4177  -75582.6514  0.2925
   00191    0.4204  -75718.0567  0.2927
   00192    0.4173  -75601.3631  0.2898
   00193    0.4218  -75612.2310  0.2901
   00194    0.4116  -75654.6985  0.2872
   00195    0.4156  -75674.1717  0.2887
   00196    0.4108  -75622.0700  0.2885
   00197    0.4132  -75760.0630  0.2894
   00198    0.4150  -75678.1261  0.2920
   00199    0.4135  -75591.5591  0.2883
   00200    0.4170  -75465.0050  0.2884
   00201    0.4143  -75559.1056  0.2868
   00202    0.4199  -75628.8992  0.2873
   00203    0.4108  -75590.0727  0.2864
   00204    0.4181  -75635.4237  0.2880
   00205    0.4032  -75732.8683  0.2902
   00206    0.4024  -75768.9032  0.2910
   00207    0.4097  -75684.4548  0.2911
   00208    0.4184  -75665.5198  0.2937
   00209    0.4110  -75543.5202  0.2916
   00210    0.4095  -75532.9223  0.2905
   00211    0.4140  -75661.6276  0.2911
   00212    0.4183  -75612.8717  0.2917
   00213    0.4127  -75433.7272  0.2901
   00214    0.4167  -75551.0008  0.2914
   00215    0.4100  -75599.9699  0.2919
   00216    0.4148  -75621.7991  0.2925
   00217    0.4130  -75644.3780  0.2939
   00218    0.4193  -75628.4550  0.2914
   00219    0.4146  -75726.0572  0.2903
   00220    0.4160  -75771.3561  0.2939
   00221    0.4136  -75771.5201  0.2944
   00222    0.4114  -75828.5712  0.2942
   00223    0.4133  -75797.8782  0.2950
   00224    0.4178  -75781.0647  0.2937
   00225    0.4151  -75648.1719  0.2918
   00226    0.4167  -75703.4773  0.2913
   00227    0.4156  -75613.2914  0.2919
   00228    0.4233  -75551.6075  0.2918
   00229    0.4164  -75509.1645  0.2904
   00230    0.4163  -75525.3229  0.2889
   00231    0.4170  -75608.8499  0.2914
   00232    0.4149  -75670.1618  0.2919
   00233    0.4124  -75657.2563  0.2948
   00234    0.4148  -75559.7046  0.2963
   00235    0.4152  -75470.4527  0.2968
   00236    0.4237  -75577.4837  0.2945
   00237    0.4152  -75599.4173  0.2946
   00238    0.4130  -75628.8866  0.2966
   00239    0.4152  -75565.0702  0.2988
   00240    0.4155  -75683.3731  0.2992
   00241    0.4140  -75691.8497  0.2996
   00242    0.4132  -75810.0334  0.3005
   00243    0.4110  -75731.7762  0.3016
   00244    0.4141  -75749.1773  0.2984
   00245    0.4137  -75809.0038  0.2990
   00246    0.4169  -75855.2362  0.3000
   00247    0.4154  -75821.3788  0.2976
   00248    0.4139  -75818.7388  0.2965
   00249    0.4140  -75884.0628  0.2967
   00250    0.4083  -75906.9388  0.2968
   00251    0.4178  -75868.6717  0.2968
   00252    0.4147  -75945.1399  0.2962
   00253    0.4149  -75928.6681  0.2970
   00254    0.4100  -76029.3291  0.2971
   00255    0.4100  -75872.0172  0.2967
   00256    0.4174  -75984.6968  0.2976
   00257    0.4125  -76009.8884  0.2969
   00258    0.4123  -75872.1867  0.2968
   00259    0.4164  -75927.7721  0.2972
   00260    0.4132  -75825.2480  0.2978
   00261    0.4185  -75961.0820  0.3003
   00262    0.4091  -75940.4152  0.3006
   00263    0.4140  -75923.6200  0.3000
   00264    0.4127  -75831.7916  0.2997
   00265    0.4134  -75777.7432  0.3005
   00266    0.4150  -75758.6823  0.2998
   00267    0.4132  -75784.4070  0.3016
   00268    0.4164  -75866.2319  0.3021
   00269    0.4130  -75847.3073  0.3027
   00270    0.4194  -75958.0603  0.3042
   00271    0.4168  -75962.8000  0.3042
   00272    0.4140  -75922.6033  0.3042
   00273    0.4178  -75876.1398  0.3073
   00274    0.4088  -75759.4104  0.3051
   00275    0.4121  -75745.1322  0.3043
   00276    0.4161  -75805.1357  0.3048
   00277    0.4190  -75793.0888  0.3056
   00278    0.4108  -75826.6979  0.3054
   00279    0.4176  -75984.3855  0.3071
   00280    0.4100  -76112.1329  0.3067
   00281    0.4143  -76128.6419  0.3052
   00282    0.4180  -76006.6188  0.3039
   00283    0.4150  -76017.2753  0.3045
   00284    0.4206  -76041.4525  0.3059
   00285    0.4125  -76001.5892  0.3060
   00286    0.4174  -75991.0716  0.3032
   00287    0.4150  -75947.1525  0.3035
   00288    0.4150  -76006.2407  0.3036
   00289    0.4171  -76009.2643  0.3049
   00290    0.4113  -76005.4370  0.3042
   00291    0.4110  -76020.9164  0.3027
   00292    0.4099  -76103.5212  0.3037
   00293    0.4144  -76009.0627  0.3021
   00294    0.4106  -75979.7253  0.3024
   00295    0.4161  -75894.5643  0.3002
   00296    0.4140  -75773.0603  0.3007
   00297    0.4184  -75863.6020  0.3006
   00298    0.4184  -75962.2260  0.3015
   00299    0.4102  -75964.2565  0.3011
   00300    0.4120  -75956.9831  0.3018
   00301    0.4131  -75929.1056  0.3008
   00302    0.4148  -75789.1800  0.3014
   00303    0.4110  -75782.2770  0.3015
   00304    0.4203  -75850.8837  0.3027
   00305    0.4144  -75937.7958  0.3016
   00306    0.4151  -75897.3314  0.3018
   00307    0.4153  -75855.9941  0.3023
   00308    0.4104  -75814.1094  0.3025
   00309    0.4168  -75856.8789  0.3036
   00310    0.4180  -75801.1354  0.3049
   00311    0.4141  -75811.1927  0.3030
   00312    0.4179  -75816.7077  0.3037
   00313    0.4118  -75786.0775  0.3032
   00314    0.4145  -75859.8855  0.3039
   00315    0.4129  -75792.0855  0.3036
   00316    0.4172  -75781.2047  0.3029
   00317    0.4149  -75786.0454  0.3049
   00318    0.4106  -75815.6798  0.3056
   00319    0.4152  -75813.8329  0.3054
   00320    0.4157  -75692.2428  0.3063
   00321    0.4152  -75845.5546  0.3060
   00322    0.4180  -75878.6319  0.3054
   00323    0.4116  -75965.7557  0.3055
   00324    0.4110  -76043.7198  0.3049
   00325    0.4129  -75978.9642  0.3056
   00326    0.4159  -75966.1843  0.3059
   00327    0.4100  -76030.6482  0.3056
   00328    0.4095  -76147.1829  0.3051
   00329    0.4141  -75948.3822  0.3037
   00330    0.4062  -75891.0532  0.3036
   00331    0.4164  -75822.9706  0.3042
   00332    0.4095  -75687.7437  0.3023
   00333    0.4092  -75862.2691  0.3002
   00334    0.4166  -75968.3909  0.2999
   00335    0.4123  -76024.2069  0.3005
   00336    0.4155  -76063.2712  0.3010
   00337    0.4101  -75981.8146  0.3015
   00338    0.4110  -76124.6922  0.3014
   00339    0.4175  -76112.4256  0.3002
   00340    0.4151  -76112.8558  0.2996
   00341    0.4133  -76038.8004  0.2999
   00342    0.4106  -76076.3833  0.3008
   00343    0.4110  -76139.1079  0.3020
   00344    0.4149  -76015.5310  0.2999
   00345    0.4136  -75990.4662  0.3001
   00346    0.4126  -76051.9224  0.3021
   00347    0.4138  -75927.5965  0.3031
   00348    0.4144  -75991.0099  0.3042
   00349    0.4168  -75971.5630  0.3034
   00350    0.4176  -76189.5192  0.3029
   00351    0.4148  -76207.9975  0.3026
   00352    0.4112  -76122.0726  0.3034
   00353    0.4078  -76042.3761  0.3046
   00354    0.4191  -75990.7818  0.3038
   00355    0.4119  -75898.0577  0.3058
   00356    0.4133  -75891.4894  0.3055
   00357    0.4123  -75953.5538  0.3023
   00358    0.4160  -75853.1787  0.3029
   00359    0.4172  -75866.2397  0.3047
   00360    0.4148  -75867.5954  0.3053
   00361    0.4152  -75950.5973  0.3045
   00362    0.4071  -75964.5795  0.3019
   00363    0.4141  -75937.8205  0.3024
   00364    0.4163  -75928.2935  0.3024
   00365    0.4103  -75888.6362  0.3013
   00366    0.4160  -76021.6604  0.3022
   00367    0.4125  -76019.1588  0.3019
   00368    0.4106  -76058.1090  0.3033
   00369    0.4152  -76071.6571  0.3011
   00370    0.4120  -75990.8647  0.3013
   00371    0.4202  -76005.3039  0.3026
   00372    0.4114  -75989.1332  0.3025
   00373    0.4136  -75924.0843  0.3031
   00374    0.4184  -76040.1102  0.3015
   00375    0.4136  -75893.8714  0.3014
   00376    0.4145  -75909.9054  0.2997
   00377    0.4111  -75889.3145  0.3004
   00378    0.4187  -76040.3742  0.2994
   00379    0.4128  -75942.0961  0.2990
   00380    0.4110  -76017.1764  0.2994
   00381    0.4148  -76049.8965  0.2988
   00382    0.4135  -76081.8252  0.2983
   00383    0.4082  -76131.5630  0.2996
   00384    0.4131  -76054.1019  0.2990
   00385    0.4094  -75999.4330  0.2965
   00386    0.4171  -75989.6712  0.2968
   00387    0.4140  -76012.9034  0.2971
   00388    0.4182  -76089.8743  0.2996
   00389    0.4133  -76100.8322  0.2956
   00390    0.4119  -76025.3670  0.2944
   00391    0.4119  -76097.1957  0.2942
   00392    0.4140  -76096.2555  0.2939
   00393    0.4092  -76032.9782  0.2927
   00394    0.4115  -75928.3855  0.2887
   00395    0.4153  -75995.1768  0.2871
   00396    0.4125  -75946.2889  0.2876
   00397    0.4124  -76026.5382  0.2886
   00398    0.4095  -76093.1456  0.2882
   00399    0.4184  -75981.9536  0.2898
   00400    0.4098  -76033.1119  0.2900
   00401    0.4139  -75927.4401  0.2922
   00402    0.4101  -76047.3791  0.2914
   00403    0.4149  -76117.4433  0.2909
   00404    0.4106  -75998.2565  0.2918
   00405    0.4154  -76031.4593  0.2924
   00406    0.4138  -75994.8786  0.2943
   00407    0.4143  -75911.3205  0.2942
   00408    0.4079  -76071.9656  0.2960
   00409    0.4179  -76105.4853  0.2946
   00410    0.4128  -75995.4687  0.2954
   00411    0.4176  -75969.7064  0.2966
   00412    0.4103  -76038.2673  0.2961
   00413    0.4118  -75938.3779  0.2935
   00414    0.4124  -75931.2856  0.2933
   00415    0.4163  -76021.4767  0.2922
   00416    0.4170  -76044.8273  0.2939
   00417    0.4131  -76033.0153  0.2961
   00418    0.4116  -76013.3111  0.2968
   00419    0.4118  -76039.1297  0.2978
   00420    0.4204  -76022.6880  0.2973
   00421    0.4207  -75919.5591  0.2976
   00422    0.4135  -75970.8784  0.2973
   00423    0.4133  -75973.9163  0.2967
   00424    0.4172  -75914.6922  0.2994
   00425    0.4138  -76047.1489  0.2975
   00426    0.4079  -76068.0877  0.2991
   00427    0.4116  -76028.4015  0.2987
   00428    0.4158  -75949.9162  0.2987
   00429    0.4157  -76012.1997  0.3011
   00430    0.4145  -76153.8587  0.3025
   00431    0.4078  -76164.4254  0.3001
   00432    0.4114  -76162.3540  0.2996
   00433    0.4089  -76109.8698  0.2978
   00434    0.4118  -75954.2457  0.2995
   00435    0.4090  -76026.0966  0.2986
   00436    0.4132  -76056.6162  0.2977
   00437    0.4164  -76235.6828  0.2988
   00438    0.4102  -76164.3070  0.3003
   00439    0.4144  -76123.4247  0.3018
   00440    0.4080  -76134.7024  0.3027
   00441    0.4107  -76261.4436  0.3025
   00442    0.4127  -76275.9941  0.3006
   00443    0.4105  -76346.6670  0.3002
   00444    0.4144  -76305.5979  0.3001
   00445    0.4115  -76386.7842  0.2986
   00446    0.4039  -76371.7315  0.2975
   00447    0.4067  -76280.7893  0.2977
   00448    0.4161  -76424.7904  0.2994
   00449    0.4154  -76295.7519  0.2984
   00450    0.4095  -76443.8393  0.2977
   00451    0.4123  -76223.9541  0.2985
   00452    0.4119  -76309.5680  0.2964
   00453    0.4155  -76233.3810  0.2983
   00454    0.4141  -76364.4381  0.2996
   00455    0.4130  -76202.9389  0.2987
   00456    0.4099  -76259.4608  0.2993
   00457    0.4130  -76276.2639  0.3014
   00458    0.4116  -76137.7167  0.3005
   00459    0.4132  -76209.5243  0.3004
   00460    0.4088  -76265.0229  0.3000
   00461    0.4098  -76215.3457  0.3004
   00462    0.4130  -76222.4854  0.2998
   00463    0.4092  -76280.5467  0.2987
   00464    0.4158  -76206.6856  0.2972
   00465    0.4136  -76307.6126  0.2958
   00466    0.4136  -76246.5271  0.2958
   00467    0.4056  -76252.6420  0.2960
   00468    0.4062  -76138.7360  0.2968
   00469    0.4141  -76157.8882  0.2960
   00470    0.4080  -76159.0430  0.2987
   00471    0.4166  -76314.3155  0.2987
   00472    0.4080  -76252.8372  0.2967
   00473    0.4148  -76319.9351  0.2964
   00474    0.4075  -76092.9691  0.2974
   00475    0.4136  -76088.8670  0.2954
   00476    0.4158  -76018.8677  0.2967
   00477    0.4185  -76036.2377  0.2959
   00478    0.4118  -76106.8804  0.2967
   00479    0.4143  -76099.0254  0.2954
   00480    0.4096  -76180.8357  0.2962
   00481    0.4144  -76085.6172  0.2948
   00482    0.4105  -76209.5155  0.2958
   00483    0.4115  -76291.6528  0.2974
   00484    0.4129  -76252.8742  0.2971
   00485    0.4184  -76237.1611  0.2995
   00486    0.4113  -76198.1900  0.2978
   00487    0.4069  -76187.2139  0.2976
   00488    0.4144  -76244.6220  0.2985
   00489    0.4125  -76211.2889  0.2969
   00490    0.4144  -76214.9019  0.2978
   00491    0.4188  -76315.4756  0.2985
   00492    0.4142  -76278.6367  0.2994
   00493    0.4129  -76239.8762  0.2987
   00494    0.4142  -76185.5489  0.2993
   00495    0.4124  -76239.5348  0.2990
   00496    0.4136  -76197.2762  0.2989
   00497    0.4179  -76305.9937  0.2991
   00498    0.4092  -76252.5592  0.2999
   00499    0.4122  -76330.7069  0.2986
   00500    0.4150  -76275.7687  0.3007
