#=====================================================
# File created:        Mon-17-Feb-2025-at-05-15-17PM
# Size of lattice:     50x50
# Number of MC steps:  500
# Reduced temperature: 0.500
# Run time (s):        1.319707
#=====================================================
# MC step:  Ratio:     Energy:   Order:
#=====================================================
   00000    0.5000   -2403.4357  0.2605
   00001    0.7064   -3886.9600  0.2719
   00002    0.6268   -4809.8371  0.2771
   00003    0.5592   -5365.1870  0.2801
   00004    0.5460   -5721.7972  0.2868
   00005    0.5344   -6053.6082  0.2982
   00006    0.5100   -6424.6563  0.2927
   00007    0.5032   -6627.2968  0.3010
   00008    0.4804   -6794.0345  0.3163
   00009    0.4556   -6946.0429  0.3157
   00010    0.4768   -7055.5022  0.3245
   00011    0.4744   -7137.9184  0.3302
   00012    0.4832   -7165.5470  0.3336
   00013    0.4708   -7198.5424  0.3323
   00014    0.4624   -7299.8334  0.3280
   00015    0.4728   -7387.1830  0.3330
   00016    0.4408   -7447.9554  0.3418
   00017    0.4460   -7512.9637  0.3480
   00018    0.4564   -7548.6884  0.3487
   00019    0.4620   -7618.6636  0.3615
   00020    0.4432   -7657.7942  0.3597
   00021    0.4700   -7687.5935  0.3700
   00022    0.4516   -7760.0175  0.3769
   00023    0.4336   -7803.1022  0.3877
   00024    0.4260   -7783.6384  0.3929
   00025    0.4388   -7812.5798  0.3957
   00026    0.4480   -7848.3500  0.3908
   00027    0.4332   -7861.9209  0.3844
   00028    0.4356   -7814.1940  0.3815
   00029    0.4292   -7780.1519  0.3813
   00030    0.4300   -7854.4776  0.3898
   00031    0.4412   -7902.4569  0.3989
   00032    0.4292   -7943.4094  0.4039
   00033    0.4424   -7955.5682  0.4069
   00034    0.4284   -7961.5847  0.4042
   00035    0.4260   -8012.7769  0.4071
   00036    0.4380   -8049.0015  0.4072
   00037    0.4284   -8038.8873  0.4160
   00038    0.4244   -8081.7347  0.4235
   00039    0.3992   -8110.6448  0.4338
   00040    0.4208   -8100.4415  0.4337
   00041    0.4236   -8122.5981  0.4396
   00042    0.4144   -8125.0737  0.4373
   00043    0.4164   -8176.6293  0.4452
   00044    0.4156   -8163.5028  0.4451
   00045    0.4148   -8150.4786  0.4416
   00046    0.4248   -8162.9110  0.4412
   00047    0.4116   -8155.3522  0.4390
   00048    0.4224   -8137.3136  0.4421
   00049    0.4100   -8161.1499  0.4467
   00050    0.4256   -8161.9505  0.4506
   00051    0.4312   -8152.9593  0.4504
   00052    0.4392   -8136.2579  0.4539
   00053    0.4284   -8132.6312  0.4523
   00054    0.4244   -8136.7810  0.4533
   00055    0.4200   -8143.7612  0.4546
   00056    0.4408   -8110.2678  0.4583
   00057    0.4356   -8087.2339  0.4557
   00058    0.4140   -8095.8051  0.4624
   00059    0.4188   -8110.7593  0.4628
   00060    0.4192   -8135.8333  0.4685
   00061    0.4064   -8190.6679  0.4705
   00062    0.4264   -8221.8234  0.4725
   00063    0.4204   -8220.8243  0.4733
   00064    0.4036   -8238.3620  0.4711
   00065    0.4152   -8259.9827  0.4733
   00066    0.4232   -8257.3135  0.4774
   00067    0.4248   -8265.5106  0.4743
   00068    0.4096   -8225.2058  0.4725
   00069    0.4188   -8271.2640  0.4845
   00070    0.4372   -8240.8543  0.4846
   00071    0.4164   -8307.9279  0.4845
   00072    0.4216   -8336.0120  0.4882
   00073    0.4016   -8318.8592  0.4887
   00074    0.4280   -8335.8007  0.4865
   00075    0.4300   -8294.0340  0.4876
   00076    0.4080   -8302.3291  0.4876
   00077    0.4376   -8326.3871  0.4888
   00078    0.4132   -8276.8859  0.4855
   00079    0.4124   -8285.8523  0.4902
   00080    0.4368   -8265.7619  0.4826
   00081    0.4364   -8326.0752  0.4863
   00082    0.4144   -8327.0657  0.4788
   00083    0.4328   -8322.1467  0.4743
   00084    0.4084   -8365.6175  0.4826
   00085    0.4144   -8415.7017  0.4877
   00086    0.3976   -8382.5667  0.4868
   00087    0.4060   -8382.2764  0.4892
   00088    0.4204   -8366.3949  0.4890
   00089    0.4152   -8326.6780  0.4920
   00090    0.4100   -8320.9662  0.4962
   00091    0.4348   -8306.9150  0.4939
   00092    0.4256   -8324.1051  0.4969
   00093    0.4288   -8332.8571  0.4989
   00094    0.4204   -8390.1633  0.4938
   00095    0.4044   -8356.2573  0.4979
   00096    0.4112   -8389.4039  0.4975
   00097    0.4128   -8393.6958  0.4950
   00098    0.4112   -8395.1736  0.4982
   00099    0.4124   -8331.9056  0.5007
   00100    0.4320   -8387.4085  0.5006
   00101    0.4240   -8378.5398  0.5105
   00102    0.4332   -8366.4863  0.5026
   00103    0.4252   -8355.9453  0.5053
   00104    0.4024   -8321.5514  0.5021
   00105    0.4152   -8366.0680  0.5035
   00106    0.4192   -8357.4226  0.5028
   00107    0.4300   -8378.1519  0.5066
   00108    0.4012   -8335.6851  0.5122
   00109    0.4268   -8364.3138  0.5216
   00110    0.4208   -8359.5441  0.5235
   00111    0.4180   -8365.9650  0.5273
   00112    0.4360   -8386.5238  0.5331
   00113    0.4096   -8398.9229  0.5389
   00114    0.4160   -8415.8088  0.5322
   00115    0.4088   -8430.2978  0.5349
   00116    0.4068   -8456.9402  0.5417
   00117    0.4064   -8461.2945  0.5416
   00118    0.4136   -8423.1353  0.5377
   00119    0.4000   -8439.3003  0.5460
   00120    0.4368   -8422.9170  0.5499
   00121    0.4080   -8390.9086  0.5504
   00122    0.4128   -8387.9486  0.5411
   00123    0.4276   -8410.4011  0.5472
   00124    0.4076   -8430.5348  0.5486
   00125    0.4008   -8497.7170  0.5476
   00126    0.4036   -8481.2138  0.5494
   00127    0.4196   -8441.8416  0.5511
   00128    0.4204   -8410.5345  0.5472
   00129    0.4096   -8396.7746  0.5439
   00130    0.4052   -8392.3081  0.5426
   00131    0.4032   -8391.4126  0.5399
   00132    0.4196   -8340.8598  0.5387
   00133    0.4196   -8367.8224  0.5308
   00134    0.4156   -8335.7348  0.5337
   00135    0.4048   -8347.0754  0.5324
   00136    0.4164   -8370.5631  0.5326
   00137    0.4140   -8341.7831  0.5243
   00138    0.4248   -8361.1659  0.5128
   00139    0.4112   -8351.7936  0.5156
   00140    0.4232   -8373.2958  0.5155
   00141    0.4136   -8353.8690  0.5213
   00142    0.4028   -8348.2697  0.5236
   00143    0.4064   -8347.9382  0.5301
   00144    0.4056   -8325.3359  0.5357
   00145    0.4144   -8346.4105  0.5433
   00146    0.4244   -8346.7223  0.5385
   00147    0.4356   -8358.8421  0.5359
   00148    0.4224   -8403.9916  0.5328
   00149    0.4156   -8415.8945  0.5333
   00150    0.4164   -8411.8066  0.5362
   00151    0.4224   -8421.4740  0.5363
   00152    0.4108   -8485.8091  0.5363
   00153    0.4196   -8465.0805  0.5336
   00154    0.4208   -8400.6248  0.5338
   00155    0.4248   -8371.0830  0.5331
   00156    0.4160   -8372.6522  0.5287
   00157    0.4240   -8399.2557  0.5255
   00158    0.4272   -8437.9112  0.5283
   00159    0.4224   -8437.3502  0.5299
   00160    0.4212   -8416.0964  0.5247
   00161    0.3980   -8387.1912  0.5267
   00162    0.4080   -8400.9565  0.5312
   00163    0.4064   -8396.5324  0.5200
   00164    0.4056   -8386.5315  0.5220
   00165    0.4120   -8394.6628  0.5257
   00166    0.4088   -8375.4378  0.5296
   00167    0.4240   -8382.6623  0.5369
   00168    0.4156   -8383.7484  0.5452
   00169    0.4168   -8298.1192  0.5452
   00170    0.4128   -8313.1552  0.5442
   00171    0.4168   -8331.4708  0.5431
   00172    0.3980   -8340.2973  0.5444
   00173    0.4204   -8354.4095  0.5449
   00174    0.4216   -8357.4515  0.5476
   00175    0.4256   -8339.8416  0.5474
   00176    0.4188   -8361.0522  0.5460
   00177    0.4260   -8369.5938  0.5458
   00178    0.3948   -8357.0764  0.5394
   00179    0.4176   -8337.8004  0.5376
   00180    0.4260   -8318.2869  0.5338
   00181    0.4256   -8345.7324  0.5410
   00182    0.4036   -8389.4926  0.5422
   00183    0.4188   -8370.8867  0.5455
   00184    0.4252   -8416.6337  0.5528
   00185    0.4340   -8403.2998  0.5559
   00186    0.4168   -8364.8058  0.5510
   00187    0.3984   -8291.1923  0.5501
   00188    0.4252   -8332.9645  0.5567
   00189    0.4284   -8344.0639  0.5550
   00190    0.4052   -8359.2329  0.5584
   00191    0.4148   -8345.3918  0.5621
   00192    0.4208   -8403.4511  0.5586
   00193    0.4076   -8403.6921  0.5609
   00194    0.4072   -8411.3027  0.5616
   00195    0.4044   -8422.7782  0.5563
   00196    0.4036   -8406.6540  0.5535
   00197    0.4216   -8437.6817  0.5511
   00198    0.4084   -8450.9996  0.5508
   00199    0.4156   -8424.8440  0.5482
   00200    0.4192   -8446.7958  0.5494
   00201    0.3964   -8479.9867  0.5569
   00202    0.4184   -8455.4008  0.5541
   00203    0.4092   -8363.4599  0.5533
   00204    0.4232   -8388.7201  0.5589
   00205    0.4184   -8419.8038  0.5553
   00206    0.4096   -8439.9060  0.5516
   00207    0.4196   -8440.1075  0.5567
   00208    0.4120   -8391.0881  0.5535
   00209    0.4308   -8398.0720  0.5598
   00210    0.4240   -8447.6690  0.5597
   00211    0.4160   -8405.1564  0.5585
   00212    0.4084   -8435.2868  0.5572
   00213    0.4080   -8413.8087  0.5505
   00214    0.4340   -8428.0489  0.5491
   00215    0.4096   -8425.7635  0.5492
   00216    0.4144   -8392.9055  0.5526
   00217    0.4432   -8432.5855  0.5549
   00218    0.4104   -8436.0514  0.5588
   00219    0.4180   -8477.9222  0.5599
   00220    0.4180   -8488.2622  0.5625
   00221    0.4284   -8531.9447  0.5653
   00222    0.3980   -8486.9372  0.5687
   00223    0.4192   -8474.8676  0.5686
   00224    0.4068   -8438.5985  0.5678
   00225    0.4100   -8437.6359  0.5650
   00226    0.4136   -8438.4740  0.5698
   00227    0.4312   -8443.6430  0.5708
   00228    0.4096   -8424.0080  0.5688
   00229    0.4216   -8449.1359  0.5757
   00230    0.4200   -8443.2494  0.5785
   00231    0.4280   -8475.4079  0.5834
   00232    0.4268   -8424.9659  0.5845
   00233    0.3996   -8421.3581  0.5894
   00234    0.4060   -8428.7346  0.5855
   00235    0.4076   -8391.1055  0.5815
   00236    0.4084   -8400.7372  0.5806
   00237    0.4188   -8425.0364  0.5819
   00238    0.4168   -8406.0850  0.5854
   00239    0.4084   -8412.2894  0.5877
   00240    0.4140   -8446.0979  0.5859
   00241    0.4128   -8480.9078  0.5855
   00242    0.4000   -8471.1976  0.5875
   00243    0.4160   -8420.1457  0.5900
   00244    0.4200   -8412.1732  0.5869
   00245    0.4216   -8476.7327  0.5816
   00246    0.3992   -8484.5387  0.5829
   00247    0.4132   -8494.5267  0.5846
   00248    0.4208   -8493.9897  0.5855
   00249    0.4192   -8476.6819  0.5859
   00250    0.3876   -8478.7967  0.5880
   00251    0.3996   -8476.8866  0.5846
   00252    0.4076   -8458.4731  0.5839
   00253    0.4024   -8443.3857  0.5844
   00254    0.4236   -8463.8721  0.5868
   00255    0.4056   -8441.8004  0.5857
   00256    0.4276   -8425.0674  0.5825
   00257    0.4144   -8414.3863  0.5797
   00258    0.4228   -8409.6643  0.5811
   00259    0.4312   -8417.0637  0.5780
   00260    0.4176   -8411.1274  0.5744
   00261    0.4104   -8422.3753  0.5688
   00262    0.4088   -8409.6921  0.5717
   00263    0.4052   -8380.2465  0.5753
   00264    0.4232   -8398.0059  0.5781
   00265    0.4120   -8388.8527  0.5762
   00266    0.4180   -8449.2424  0.5816
   00267    0.3952   -8420.0766  0.5839
   00268    0.4004   -8428.0060  0.5811
   00269    0.4252   -8444.5342  0.5872
   00270    0.4180   -8431.6422  0.5866
   00271    0.4040   -8418.2208  0.5840
   00272    0.4132   -8408.1175  0.5855
   00273    0.4304   -8387.7427  0.5914
   00274    0.4108   -8392.3829  0.5931
   00275    0.4136   -8384.0264  0.5895
   00276    0.4188   -8437.5199  0.5946
   00277    0.4216   -8443.6192  0.5947
   00278    0.4100   -8432.7472  0.5890
   00279    0.4200   -8447.3534  0.5865
   00280    0.4180   -8393.0781  0.5852
   00281    0.4240   -8420.4500  0.5826
   00282    0.4152   -8464.7952  0.5817
   00283    0.4116   -8441.5630  0.5901
   00284    0.4208   -8440.7260  0.5898
   00285    0.4124   -8435.8555  0.5907
   00286    0.4076   -8429.3731  0.5892
   00287    0.4068   -8497.1453  0.5929
   00288    0.4216   -8442.0155  0.5881
   00289    0.4168   -8457.5479  0.5961
   00290    0.3996   -8418.2435  0.5925
   00291    0.4220   -8437.1338  0.6040
   00292    0.4240   -8443.4723  0.6043
   00293    0.4120   -8420.8530  0.6004
   00294    0.4276   -8447.5747  0.6066
   00295    0.4180   -8427.9149  0.6020
   00296    0.4180   -8427.2565  0.5971
   00297    0.4024   -8397.6310  0.6011
   00298    0.4284   -8391.8246  0.5919
   00299    0.4128   -8385.1143  0.5932
   00300    0.4176   -8445.7810  0.5907
   00301    0.4124   -8442.4655  0.5882
   00302    0.4040   -8398.9161  0.5907
   00303    0.4164   -8430.8383  0.5896
   00304    0.4176   -8429.2968  0.5889
   00305    0.4240   -8418.6249  0.5892
   00306    0.4120   -8429.0780  0.5951
   00307    0.4212   -8385.7286  0.5915
   00308    0.4192   -8402.1023  0.5906
   00309    0.4204   -8421.6237  0.5931
   00310    0.4124   -8469.9273  0.5985
   00311    0.4216   -8472.6872  0.5972
   00312    0.4140   -8479.1281  0.6028
   00313    0.4112   -8469.6517  0.5993
   00314    0.4132   -8479.1512  0.6023
   00315    0.4092   -8477.8223  0.6070
   00316    0.3992   -8535.2513  0.6071
   00317    0.4100   -8534.6459  0.6038
   00318    0.4068   -8526.1677  0.6042
   00319    0.4164   -8498.1651  0.6062
   00320    0.4160   -8502.4732  0.6117
   00321    0.4100   -8519.3474  0.6168
   00322    0.4020   -8548.8715  0.6150
   00323    0.4196   -8536.9161  0.6209
   00324    0.4008   -8504.1497  0.6167
   00325    0.4016   -8491.1550  0.6095
   00326    0.4140   -8445.9978  0.6089
   00327    0.4344   -8449.0951  0.6058
   00328    0.4128   -8481.7217  0.6057
   00329    0.4144   -8471.2987  0.6049
   00330    0.3956   -8471.5199  0.6083
   00331    0.4100   -8507.0623  0.6038
   00332    0.4048   -8475.9987  0.6032
   00333    0.4116   -8431.7800  0.6016
   00334    0.4032   -8460.3212  0.6085
   00335    0.4100   -8492.5396  0.6034
   00336    0.4152   -8472.7830  0.6061
   00337    0.4060   -8507.1253  0.6060
   00338    0.4144   -8433.8237  0.6101
   00339    0.4236   -8444.5066  0.6077
   00340    0.4224   -8470.3987  0.6113
   00341    0.4008   -8456.2472  0.6114
   00342    0.4000   -8533.1050  0.6157
   00343    0.4104   -8528.6918  0.6083
   00344    0.4024   -8490.3697  0.6030
   00345    0.4456   -8508.4194  0.6025
   00346    0.3836   -8509.2830  0.6049
   00347    0.4060   -8490.4066  0.6057
   00348    0.4044   -8485.4368  0.6116
   00349    0.4088   -8469.2601  0.6094
   00350    0.4248   -8432.0753  0.6058
   00351    0.4284   -8428.7180  0.6065
   00352    0.4140   -8437.9203  0.6059
   00353    0.4072   -8467.8836  0.6015
   00354    0.4032   -8455.4250  0.6055
   00355    0.4196   -8437.9939  0.5990
   00356    0.4132   -8479.9568  0.6084
   00357    0.4104   -8509.7000  0.6051
   00358    0.4032   -8480.5861  0.6038
   00359    0.4056   -8476.2709  0.6021
   00360    0.4148   -8512.0196  0.5981
   00361    0.3916   -8511.4470  0.5993
   00362    0.4100   -8534.7362  0.5971
   00363    0.4152   -8503.6807  0.5973
   00364    0.4148   -8525.2903  0.6011
   00365    0.4160   -8485.4125  0.5956
   00366    0.3988   -8466.5979  0.5924
   00367    0.4116   -8508.4276  0.5933
   00368    0.4136   -8455.9819  0.5982
   00369    0.4120   -8489.3303  0.6019
   00370    0.4076   -8427.1509  0.5952
   00371    0.4104   -8426.8653  0.5905
   00372    0.4248   -8394.2206  0.5966
   00373    0.4184   -8372.7187  0.6012
   00374    0.4408   -8383.2083  0.6035
   00375    0.4212   -8422.8449  0.6064
   00376    0.4172   -8414.6293  0.6101
   00377    0.4172   -8371.6743  0.6103
   00378    0.4204   -8408.2804  0.6184
   00379    0.4256   -8478.2013  0.6231
   00380    0.3956   -8501.9700  0.6216
   00381    0.3988   -8512.0296  0.6204
   00382    0.4148   -8459.0775  0.6142
   00383    0.4052   -8398.3745  0.6119
   00384    0.4208   -8396.8662  0.6103
   00385    0.4196   -8450.6003  0.6141
   00386    0.4092   -8444.6612  0.6109
   00387    0.3908   -8440.2121  0.6121
   00388    0.4176   -8431.8884  0.6173
   00389    0.4212   -8438.6248  0.6210
   00390    0.4124   -8474.2138  0.6202
   00391    0.3812   -8488.3436  0.6221
   00392    0.3952   -8504.3165  0.6194
   00393    0.4188   -8497.7554  0.6180
   00394    0.4332   -8495.0110  0.6210
   00395    0.4072   -8531.5080  0.6170
   00396    0.3948   -8512.9991  0.6184
   00397    0.4136   -8485.6283  0.6193
   00398    0.4132   -8461.2765  0.6156
   00399    0.4128   -8442.7953  0.6115
   00400    0.4096   -8413.7113  0.6080
   00401    0.4184   -8422.8324  0.6089
   00402    0.4152   -8477.4888  0.6129
   00403    0.4032   -8417.5630  0.6118
   00404    0.4192   -8443.5745  0.6122
   00405    0.4168   -8485.6873  0.6158
   00406    0.4208   -8448.6818  0.6172
   00407    0.4232   -8453.0796  0.6170
   00408    0.4232   -8451.7016  0.6169
   00409    0.3872   -8460.7258  0.6190
   00410    0.4060   -8486.3571  0.6231
   00411    0.4200   -8514.9198  0.6168
   00412    0.3932   -8485.4564  0.6176
   00413    0.4160   -8516.0710  0.6139
   00414    0.4108   -8487.9133  0.6133
   00415    0.4024   -8498.4954  0.6197
   00416    0.4060   -8521.6027  0.6244
   00417    0.3828   -8490.4661  0.6175
   00418    0.4136   -8537.8283  0.6129
   00419    0.4068   -8553.2599  0.6104
   00420    0.4168   -8571.4096  0.6125
   00421    0.4112   -8502.0370  0.6046
   00422    0.4180   -8482.0852  0.6047
   00423    0.4280   -8502.1645  0.6044
   00424    0.4184   -8550.8139  0.6078
   00425    0.4052   -8554.3336  0.6106
   00426    0.4008   -8561.8654  0.6169
   00427    0.4168   -8493.8666  0.6198
   00428    0.4196   -8464.5558  0.6171
   00429    0.3976   -8520.6766  0.6166
   00430    0.3952   -8531.5760  0.6198
   00431    0.4356   -8514.3046  0.6166
   00432    0.4096   -8508.2683  0.6154
   00433    0.4156   -8543.0215  0.6177
   00434    0.4176   -8574.0124  0.6190
   00435    0.4080   -8564.2767  0.6207
   00436    0.4140   -8545.0343  0.6178
   00437    0.4216   -8517.7337  0.6130
   00438    0.4240   -8555.2983  0.6169
   00439    0.3888   -8526.7182  0.6063
   00440    0.4068   -8542.0799  0.6099
   00441    0.4220   -8522.6175  0.6145
   00442    0.4008   -8465.8109  0.6123
   00443    0.3988   -8460.8657  0.6117
   00444    0.4028   -8467.4606  0.6144
   00445    0.4192   -8475.3145  0.6120
   00446    0.4128   -8464.1025  0.6152
   00447    0.4076   -8442.0209  0.6083
   00448    0.3988   -8413.2254  0.6102
   00449    0.4236   -8370.0702  0.6053
   00450    0.4156   -8431.3590  0.6054
   00451    0.4252   -8478.9744  0.6014
   00452    0.3980   -8498.7477  0.5968
   00453    0.4080   -8504.1059  0.5975
   00454    0.4016   -8493.6008  0.6016
   00455    0.4132   -8508.3399  0.6031
   00456    0.3972   -8469.9683  0.5986
   00457    0.3960   -8467.8270  0.6032
   00458    0.4184   -8464.3611  0.6020
   00459    0.4080   -8428.9905  0.6037
   00460    0.4172   -8451.4482  0.6069
   00461    0.4236   -8444.2184  0.6133
   00462    0.3936   -8454.0610  0.6138
   00463    0.4324   -8514.2012  0.6178
   00464    0.4148   -8490.9454  0.6201
   00465    0.4244   -8509.0465  0.6181
   00466    0.3984   -8480.6293  0.6198
   00467    0.4260   -8501.3022  0.6215
   00468    0.4260   -8550.8500  0.6257
   00469    0.4180   -8534.0841  0.6296
   00470    0.4200   -8538.4028  0.6280
   00471    0.3984   -8520.0659  0.6245
   00472    0.4092   -8545.7606  0.6343
   00473    0.4048   -8555.7563  0.6312
   00474    0.4184   -8555.1979  0.6334
   00475    0.4116   -8533.7725  0.6288
   00476    0.4096   -8510.4942  0.6285
   00477    0.3924   -8528.6888  0.6294
   00478    0.4080   -8511.8489  0.6262
   00479    0.4100   -8450.8359  0.6216
   00480    0.4104   -8475.7287  0.6253
   00481    0.4160   -8507.9535  0.6231
   00482    0.4084   -8531.9337  0.6203
   00483    0.3912   -8543.5206  0.6235
   00484    0.3872   -8592.8512  0.6341
   00485    0.4228   -8521.8921  0.6344
   00486    0.3968   -8541.2488  0.6432
   00487    0.4324   -8510.4381  0.6434
   00488    0.4080   -8484.8030  0.6380
   00489    0.4224   -8460.8788  0.6361
   00490    0.4120   -8481.8703  0.6409
   00491    0.4016   -8488.1599  0.6401
   00492    0.4092   -8504.8325  0.6369
   00493    0.4364   -8505.3117  0.6329
   00494    0.4200   -8479.6043  0.6354
   00495    0.4040   -8486.0018  0.6307
   00496    0.4116   -8482.2246  0.6332
   00497    0.3832   -8478.3613  0.6278
   00498    0.4160   -8484.5641  0.6208
   00499    0.4328   -8507.7527  0.6294
   00500    0.4220   -8476.0958  0.6340
