#=====================================================
# File created:        Mon-17-Feb-2025-at-05-16-04PM
# Size of lattice:     50x50
# Number of MC steps:  500
# Reduced temperature: 0.500
# Run time (s):        0.826891
#=====================================================
# MC step:  Ratio:     Energy:   Order:
#=====================================================
   00000    0.5000   -2566.2733  0.2711
   00001    0.6932   -3903.6636  0.2828
   00002    0.6144   -4793.3012  0.2916
   00003    0.5788   -5318.3947  0.2878
   00004    0.5444   -5730.5860  0.2856
   00005    0.5272   -6046.6770  0.2803
   00006    0.5228   -6254.4677  0.2904
   00007    0.5080   -6507.3692  0.2927
   00008    0.4888   -6749.2906  0.2979
   00009    0.4772   -6857.8051  0.3091
   00010    0.4868   -7008.8927  0.3095
   00011    0.4552   -7138.0752  0.3114
   00012    0.4568   -7264.7790  0.3151
   00013    0.4568   -7277.5620  0.3204
   00014    0.4432   -7365.7728  0.3286
   00015    0.4628   -7401.5132  0.3437
   00016    0.4604   -7448.5642  0.3477
   00017    0.4608   -7550.7300  0.3556
   00018    0.4528   -7566.4173  0.3556
   00019    0.4488   -7594.0904  0.3568
   00020    0.4464   -7646.2015  0.3509
   00021    0.4372   -7670.7791  0.3639
   00022    0.4336   -7672.1552  0.3634
   00023    0.4268   -7757.7254  0.3633
   00024    0.4408   -7780.8955  0.3692
   00025    0.4356   -7900.3376  0.3720
   00026    0.4344   -7971.0997  0.3734
   00027    0.4364   -8001.1582  0.3780
   00028    0.4424   -8003.2308  0.3783
   00029    0.4160   -7984.6889  0.3856
   00030    0.4180   -7993.0202  0.3829
   00031    0.4396   -7988.3405  0.3781
   00032    0.4408   -8049.2008  0.3828
   00033    0.4344   -8090.9858  0.3828
   00034    0.4324   -8104.6266  0.3730
   00035    0.4316   -8084.5063  0.3780
   00036    0.4420   -8064.6600  0.3791
   00037    0.4296   -8107.6610  0.3793
   00038    0.4276   -8120.0509  0.3824
   00039    0.4192   -8138.9332  0.3850
   00040    0.4324   -8181.7609  0.3813
   00041    0.4364   -8157.4338  0.3881
   00042    0.4252   -8157.7094  0.3922
   00043    0.4228   -8188.2184  0.3917
   00044    0.4244   -8199.9079  0.3946
   00045    0.4160   -8204.9611  0.3937
   00046    0.4144   -8244.0886  0.3868
   00047    0.4220   -8228.8847  0.3881
   00048    0.4216   -8208.0850  0.3945
   00049    0.4336   -8223.0572  0.3890
   00050    0.4348   -8225.0748  0.3871
   00051    0.4160   -8243.9466  0.3867
   00052    0.4192   -8222.3628  0.3815
   00053    0.4196   -8224.8856  0.3800
   00054    0.4340   -8297.7334  0.3849
   00055    0.4320   -8323.1089  0.3861
   00056    0.4096   -8282.7546  0.3897
   00057    0.4000   -8296.1298  0.3921
   00058    0.4228   -8319.9464  0.4005
   00059    0.3992   -8321.7216  0.4036
   00060    0.4236   -8353.5841  0.3922
   00061    0.4388   -8335.4889  0.3893
   00062    0.4188   -8322.0737  0.3870
   00063    0.4384   -8288.6264  0.3901
   00064    0.4168   -8291.7169  0.3985
   00065    0.4144   -8251.6655  0.3976
   00066    0.4276   -8285.1807  0.3992
   00067    0.4228   -8307.1174  0.4019
   00068    0.4240   -8312.7789  0.3954
   00069    0.4180   -8345.4447  0.3971
   00070    0.4216   -8329.2028  0.3978
   00071    0.4300   -8354.7517  0.3996
   00072    0.4172   -8371.2360  0.4034
   00073    0.4164   -8387.1195  0.4047
   00074    0.4132   -8367.5271  0.4039
   00075    0.4248   -8288.9834  0.3986
   00076    0.4152   -8264.6844  0.3955
   00077    0.4164   -8247.5778  0.3908
   00078    0.4168   -8250.0181  0.3917
   00079    0.4076   -8328.0047  0.3880
   00080    0.4160   -8352.3663  0.3911
   00081    0.4408   -8286.9385  0.3852
   00082    0.4164   -8255.8943  0.3934
   00083    0.4364   -8239.6343  0.3953
   00084    0.4176   -8275.4269  0.3943
   00085    0.4124   -8309.4388  0.3998
   00086    0.4128   -8302.6273  0.4011
   00087    0.4120   -8332.8980  0.4019
   00088    0.4164   -8327.7313  0.3975
   00089    0.4220   -8302.2073  0.3964
   00090    0.4216   -8335.0099  0.3984
   00091    0.4176   -8350.2869  0.3991
   00092    0.4096   -8356.0058  0.4006
   00093    0.4184   -8384.5596  0.4116
   00094    0.4180   -8325.5831  0.4183
   00095    0.4284   -8368.7743  0.4130
   00096    0.4200   -8360.2612  0.4190
   00097    0.4248   -8337.9641  0.4195
   00098    0.4212   -8362.4524  0.4233
   00099    0.4132   -8371.7891  0.4300
   00100    0.4124   -8374.0166  0.4396
   00101    0.4120   -8399.5068  0.4362
   00102    0.4156   -8368.4849  0.4370
   00103    0.4248   -8369.1670  0.4369
   00104    0.4244   -8354.8845  0.4308
   00105    0.4036   -8345.0661  0.4332
   00106    0.4044   -8312.5749  0.4323
   00107    0.4108   -8332.1055  0.4301
   00108    0.4024   -8330.0856  0.4352
   00109    0.4040   -8328.9778  0.4333
   00110    0.4100   -8321.5274  0.4279
   00111    0.4220   -8328.9525  0.4282
   00112    0.4316   -8331.3837  0.4204
   00113    0.4092   -8344.9333  0.4206
   00114    0.4028   -8322.9484  0.4239
   00115    0.4144   -8362.2898  0.4222
   00116    0.3996   -8387.8892  0.4269
   00117    0.4096   -8393.4043  0.4303
   00118    0.4016   -8409.7480  0.4342
   00119    0.4072   -8386.4555  0.4318
   00120    0.4216   -8381.8589  0.4411
   00121    0.4064   -8366.4064  0.4426
   00122    0.4144   -8422.1307  0.4499
   00123    0.4216   -8373.1329  0.4559
   00124    0.4048   -8394.1390  0.4541
   00125    0.4068   -8429.2343  0.4483
   00126    0.4340   -8422.4443  0.4586
   00127    0.3972   -8428.3483  0.4584
   00128    0.4316   -8402.0557  0.4623
   00129    0.4164   -8409.8473  0.4613
   00130    0.4216   -8408.9585  0.4640
   00131    0.4276   -8432.1574  0.4664
   00132    0.4148   -8410.8441  0.4636
   00133    0.4192   -8450.0811  0.4604
   00134    0.4104   -8404.5088  0.4575
   00135    0.4128   -8406.4423  0.4542
   00136    0.4160   -8387.4146  0.4526
   00137    0.4136   -8458.4183  0.4564
   00138    0.4200   -8414.9084  0.4513
   00139    0.4240   -8375.9463  0.4501
   00140    0.4256   -8389.4346  0.4506
   00141    0.4064   -8375.1027  0.4451
   00142    0.4184   -8383.9502  0.4463
   00143    0.4136   -8421.4491  0.4441
   00144    0.4288   -8396.1733  0.4513
   00145    0.4008   -8426.5907  0.4537
   00146    0.4012   -8433.3069  0.4573
   00147    0.4084   -8452.5967  0.4566
   00148    0.4044   -8382.7790  0.4554
   00149    0.4172   -8424.1626  0.4567
   00150    0.3944   -8417.7355  0.4552
   00151    0.4068   -8442.5539  0.4527
   00152    0.4244   -8397.3080  0.4548
   00153    0.4104   -8371.0554  0.4556
   00154    0.4176   -8397.2450  0.4507
   00155    0.4196   -8421.9376  0.4504
   00156    0.4288   -8370.1090  0.4511
   00157    0.4152   -8365.7932  0.4514
   00158    0.4152   -8396.4682  0.4509
   00159    0.4036   -8380.5131  0.4517
   00160    0.4152   -8388.0227  0.4489
   00161    0.4208   -8434.6612  0.4553
   00162    0.4212   -8389.4092  0.4523
   00163    0.4144   -8376.5448  0.4431
   00164    0.4092   -8422.5914  0.4379
   00165    0.4208   -8446.0326  0.4441
   00166    0.3992   -8423.0646  0.4418
   00167    0.4176   -8386.0147  0.4422
   00168    0.4256   -8431.7966  0.4468
   00169    0.4124   -8418.2332  0.4501
   00170    0.4216   -8390.7508  0.4448
   00171    0.4280   -8392.0319  0.4362
   00172    0.4136   -8372.0406  0.4366
   00173    0.4020   -8396.0998  0.4342
   00174    0.4108   -8417.5699  0.4375
   00175    0.4128   -8462.4499  0.4476
   00176    0.4208   -8421.9068  0.4444
   00177    0.4116   -8389.4884  0.4508
   00178    0.4176   -8405.9122  0.4486
   00179    0.4100   -8425.2964  0.4445
   00180    0.4292   -8443.0141  0.4402
   00181    0.4152   -8423.7643  0.4410
   00182    0.4128   -8417.5516  0.4422
   00183    0.4196   -8415.3163  0.4441
   00184    0.4264   -8431.0556  0.4440
   00185    0.4052   -8412.0540  0.4404
   00186    0.4016   -8464.4479  0.4447
   00187    0.4236   -8436.9067  0.4379
   00188    0.4300   -8454.4092  0.4443
   00189    0.4032   -8467.3673  0.4378
   00190    0.4244   -8451.1406  0.4375
   00191    0.4036   -8455.6131  0.4394
   00192    0.4200   -8486.0299  0.4411
   00193    0.4112   -8465.4542  0.4429
   00194    0.4152   -8530.6700  0.4507
   00195    0.4060   -8522.4229  0.4536
   00196    0.4012   -8508.4295  0.4483
   00197    0.4184   -8488.7392  0.4474
   00198    0.4112   -8481.9143  0.4486
   00199    0.4100   -8455.2468  0.4485
   00200    0.4080   -8450.6290  0.4510
   00201    0.3940   -8464.1515  0.4498
   00202    0.4036   -8511.5371  0.4455
   00203    0.4160   -8474.9433  0.4416
   00204    0.3896   -8461.3422  0.4371
   00205    0.4016   -8417.1577  0.4435
   00206    0.4036   -8425.0037  0.4413
   00207    0.4104   -8433.1249  0.4421
   00208    0.4016   -8466.7753  0.4414
   00209    0.4188   -8442.6330  0.4388
   00210    0.4168   -8424.3042  0.4449
   00211    0.4132   -8441.7933  0.4507
   00212    0.4300   -8409.2556  0.4532
   00213    0.4128   -8427.0018  0.4563
   00214    0.4052   -8428.8124  0.4571
   00215    0.4180   -8398.6774  0.4590
   00216    0.4076   -8447.5334  0.4584
   00217    0.4056   -8489.9475  0.4540
   00218    0.4228   -8470.9689  0.4515
   00219    0.4160   -8459.1490  0.4575
   00220    0.4088   -8441.5872  0.4569
   00221    0.4192   -8421.4585  0.4618
   00222    0.4260   -8418.1632  0.4543
   00223    0.4128   -8383.0269  0.4561
   00224    0.4088   -8379.9533  0.4629
   00225    0.4180   -8468.9535  0.4662
   00226    0.4176   -8489.0181  0.4633
   00227    0.4048   -8498.6233  0.4621
   00228    0.4192   -8511.4468  0.4598
   00229    0.4076   -8484.1224  0.4536
   00230    0.4232   -8482.5328  0.4586
   00231    0.4084   -8483.8486  0.4627
   00232    0.3952   -8493.2149  0.4695
   00233    0.4052   -8518.0234  0.4666
   00234    0.4064   -8521.6507  0.4673
   00235    0.4024   -8498.5289  0.4645
   00236    0.4048   -8516.5309  0.4672
   00237    0.3996   -8503.8517  0.4607
   00238    0.3872   -8476.0085  0.4614
   00239    0.3948   -8446.6079  0.4633
   00240    0.4016   -8440.2706  0.4670
   00241    0.4224   -8449.2606  0.4675
   00242    0.4244   -8411.9736  0.4668
   00243    0.4168   -8423.7813  0.4713
   00244    0.4068   -8442.1370  0.4694
   00245    0.3988   -8440.3898  0.4687
   00246    0.4004   -8433.1485  0.4746
   00247    0.4032   -8473.5339  0.4708
   00248    0.4116   -8470.2552  0.4746
   00249    0.4052   -8410.4183  0.4694
   00250    0.4228   -8473.9357  0.4662
   00251    0.4352   -8447.5525  0.4668
   00252    0.4072   -8468.7044  0.4687
   00253    0.4164   -8439.1345  0.4757
   00254    0.4160   -8398.0664  0.4705
   00255    0.4108   -8422.5145  0.4729
   00256    0.4152   -8413.5846  0.4724
   00257    0.4164   -8422.3712  0.4664
   00258    0.4272   -8470.5665  0.4657
   00259    0.4028   -8434.6517  0.4730
   00260    0.4248   -8437.6948  0.4760
   00261    0.4220   -8444.7348  0.4720
   00262    0.4112   -8461.6986  0.4770
   00263    0.4104   -8443.6793  0.4726
   00264    0.4080   -8454.8396  0.4675
   00265    0.4156   -8451.1763  0.4645
   00266    0.4012   -8446.7640  0.4682
   00267    0.4148   -8491.8506  0.4639
   00268    0.4136   -8495.9381  0.4610
   00269    0.3904   -8516.8073  0.4609
   00270    0.4236   -8503.0483  0.4616
   00271    0.4184   -8474.2700  0.4646
   00272    0.4068   -8431.2052  0.4650
   00273    0.4152   -8408.5452  0.4707
   00274    0.4124   -8440.6756  0.4751
   00275    0.4044   -8480.1688  0.4669
   00276    0.4064   -8452.5604  0.4643
   00277    0.4148   -8484.0172  0.4643
   00278    0.4016   -8430.8820  0.4647
   00279    0.4204   -8432.8701  0.4669
   00280    0.4160   -8463.1070  0.4686
   00281    0.4052   -8456.5800  0.4673
   00282    0.4084   -8447.6145  0.4714
   00283    0.4196   -8473.0531  0.4786
   00284    0.4004   -8495.9470  0.4815
   00285    0.4176   -8457.7761  0.4763
   00286    0.4148   -8456.8837  0.4781
   00287    0.4120   -8402.6598  0.4731
   00288    0.3972   -8415.5300  0.4736
   00289    0.4156   -8402.2835  0.4735
   00290    0.4092   -8459.0551  0.4664
   00291    0.4268   -8507.0880  0.4661
   00292    0.4172   -8480.9613  0.4637
   00293    0.4044   -8473.4228  0.4656
   00294    0.4064   -8496.5739  0.4731
   00295    0.4060   -8487.5292  0.4705
   00296    0.4120   -8488.9005  0.4673
   00297    0.4016   -8456.6288  0.4584
   00298    0.4168   -8436.4540  0.4574
   00299    0.4044   -8484.1897  0.4600
   00300    0.3960   -8483.4807  0.4589
   00301    0.4200   -8475.8429  0.4583
   00302    0.4020   -8477.3688  0.4537
   00303    0.4304   -8450.0823  0.4562
   00304    0.4040   -8454.1766  0.4601
   00305    0.4240   -8505.7702  0.4579
   00306    0.4096   -8452.3883  0.4569
   00307    0.4208   -8450.9841  0.4600
   00308    0.4224   -8437.8776  0.4519
   00309    0.4116   -8415.7435  0.4546
   00310    0.4188   -8424.3449  0.4530
   00311    0.4172   -8455.1671  0.4492
   00312    0.4232   -8422.7580  0.4461
   00313    0.3860   -8436.3578  0.4419
   00314    0.3948   -8461.2542  0.4378
   00315    0.4152   -8441.5407  0.4340
   00316    0.4104   -8430.7847  0.4304
   00317    0.4288   -8461.1594  0.4369
   00318    0.4080   -8422.4484  0.4360
   00319    0.4084   -8432.1724  0.4364
   00320    0.4252   -8480.7349  0.4355
   00321    0.4268   -8477.8527  0.4331
   00322    0.4132   -8482.8711  0.4292
   00323    0.4132   -8442.5397  0.4315
   00324    0.4224   -8470.4926  0.4324
   00325    0.4036   -8410.1111  0.4331
   00326    0.4196   -8394.0328  0.4332
   00327    0.4144   -8448.4368  0.4323
   00328    0.4104   -8463.5807  0.4272
   00329    0.4060   -8452.6477  0.4226
   00330    0.4124   -8433.2126  0.4229
   00331    0.4020   -8501.4392  0.4182
   00332    0.4100   -8497.8136  0.4156
   00333    0.4056   -8458.2479  0.4194
   00334    0.4072   -8475.2758  0.4226
   00335    0.4032   -8442.8304  0.4197
   00336    0.4140   -8480.8215  0.4185
   00337    0.4152   -8412.4191  0.4143
   00338    0.4148   -8412.8055  0.4113
   00339    0.4172   -8422.4052  0.4132
   00340    0.4264   -8418.8244  0.4129
   00341    0.4188   -8428.8535  0.4152
   00342    0.4288   -8403.7720  0.4214
   00343    0.4308   -8403.2778  0.4218
   00344    0.3968   -8427.1995  0.4218
   00345    0.4136   -8458.0267  0.4308
   00346    0.4244   -8506.3774  0.4319
   00347    0.4260   -8472.6766  0.4303
   00348    0.4260   -8532.9297  0.4308
   00349    0.4040   -8509.4040  0.4369
   00350    0.3984   -8472.3903  0.4333
   00351    0.4024   -8450.5296  0.4341
   00352    0.4236   -8451.5172  0.4296
   00353    0.4004   -8489.0101  0.4281
   00354    0.4072   -8475.6326  0.4284
   00355    0.4040   -8473.5367  0.4280
   00356    0.4040   -8441.2001  0.4302
   00357    0.4164   -8472.6111  0.4360
   00358    0.4076   -8460.2741  0.4400
   00359    0.4224   -8434.9782  0.4422
   00360    0.4128   -8443.2900  0.4371
   00361    0.4196   -8404.3281  0.4362
   00362    0.3988   -8388.8879  0.4298
   00363    0.4056   -8363.2824  0.4347
   00364    0.4212   -8421.4908  0.4361
   00365    0.4144   -8368.2606  0.4345
   00366    0.4220   -8391.6745  0.4318
   00367    0.4140   -8406.2809  0.4318
   00368    0.4088   -8370.7988  0.4265
   00369    0.4240   -8406.1466  0.4297
   00370    0.4204   -8410.7243  0.4317
   00371    0.4080   -8424.8187  0.4349
   00372    0.4168   -8405.0718  0.4344
   00373    0.4212   -8450.9484  0.4341
   00374    0.4240   -8497.0172  0.4298
   00375    0.4232   -8449.7044  0.4276
   00376    0.4104   -8483.1358  0.4289
   00377    0.4320   -8512.1543  0.4294
   00378    0.4116   -8486.5695  0.4286
   00379    0.4156   -8473.5684  0.4252
   00380    0.4132   -8500.4072  0.4310
   00381    0.3916   -8480.4704  0.4298
   00382    0.4136   -8426.3863  0.4248
   00383    0.4060   -8404.5435  0.4383
   00384    0.4112   -8444.6574  0.4441
   00385    0.4244   -8441.0313  0.4440
   00386    0.4088   -8468.6339  0.4430
   00387    0.4112   -8494.1964  0.4477
   00388    0.4192   -8468.5143  0.4464
   00389    0.4040   -8462.5403  0.4343
   00390    0.4456   -8481.4783  0.4347
   00391    0.3908   -8496.3104  0.4389
   00392    0.4116   -8511.3193  0.4428
   00393    0.4160   -8482.3616  0.4371
   00394    0.4244   -8421.0281  0.4373
   00395    0.4120   -8489.6315  0.4421
   00396    0.4156   -8503.3564  0.4273
   00397    0.4168   -8486.3230  0.4243
   00398    0.4132   -8454.7925  0.4186
   00399    0.4260   -8467.6985  0.4281
   00400    0.4088   -8460.3632  0.4298
   00401    0.4120   -8417.6533  0.4275
   00402    0.4080   -8417.1328  0.4233
   00403    0.4304   -8445.9023  0.4286
   00404    0.4296   -8476.2472  0.4220
   00405    0.4100   -8434.5358  0.4283
   00406    0.4072   -8432.4883  0.4251
   00407    0.4012   -8438.6418  0.4288
   00408    0.4072   -8459.1285  0.4254
   00409    0.4076   -8458.0392  0.4277
   00410    0.4108   -8472.8940  0.4236
   00411    0.4204   -8525.6158  0.4347
   00412    0.4260   -8453.3788  0.4302
   00413    0.4032   -8469.1829  0.4282
   00414    0.4164   -8479.2546  0.4291
   00415    0.4156   -8489.3077  0.4258
   00416    0.3908   -8493.6555  0.4164
   00417    0.4032   -8544.8516  0.4151
   00418    0.3992   -8531.3984  0.4104
   00419    0.4252   -8509.4813  0.4075
   00420    0.4224   -8494.7124  0.4106
   00421    0.3888   -8521.6965  0.4155
   00422    0.4048   -8494.5103  0.4151
   00423    0.4136   -8458.2094  0.4095
   00424    0.4136   -8506.3947  0.4168
   00425    0.4116   -8499.5065  0.4234
   00426    0.4168   -8494.4275  0.4209
   00427    0.3960   -8509.5571  0.4205
   00428    0.4108   -8559.8223  0.4239
   00429    0.3928   -8517.3512  0.4236
   00430    0.3972   -8487.0298  0.4249
   00431    0.4060   -8521.7955  0.4251
   00432    0.4180   -8494.7645  0.4268
   00433    0.4008   -8483.8358  0.4271
   00434    0.4108   -8492.0178  0.4204
   00435    0.4288   -8468.3882  0.4185
   00436    0.4172   -8487.1572  0.4195
   00437    0.4076   -8531.7117  0.4280
   00438    0.4172   -8488.1331  0.4347
   00439    0.4304   -8485.9625  0.4342
   00440    0.4120   -8508.7649  0.4328
   00441    0.4312   -8538.9812  0.4385
   00442    0.4036   -8496.2120  0.4296
   00443    0.4120   -8504.1846  0.4234
   00444    0.4156   -8484.9462  0.4245
   00445    0.4212   -8548.9189  0.4245
   00446    0.4144   -8529.3635  0.4279
   00447    0.4248   -8481.2777  0.4244
   00448    0.4032   -8464.1109  0.4146
   00449    0.4120   -8477.8904  0.4152
   00450    0.4060   -8514.4955  0.4092
   00451    0.4056   -8504.4149  0.4082
   00452    0.4072   -8526.7993  0.4114
   00453    0.3856   -8504.4579  0.4045
   00454    0.4088   -8517.7417  0.4109
   00455    0.4280   -8534.8171  0.4056
   00456    0.4048   -8511.4813  0.4109
   00457    0.4016   -8469.6526  0.4114
   00458    0.4064   -8491.5076  0.4081
   00459    0.4180   -8517.5508  0.4163
   00460    0.4068   -8517.0401  0.4140
   00461    0.4280   -8497.6783  0.4102
   00462    0.3976   -8513.4378  0.4098
   00463    0.3976   -8526.3260  0.4091
   00464    0.4056   -8501.9470  0.4155
   00465    0.4180   -8486.1350  0.4073
   00466    0.4280   -8493.5176  0.4006
   00467    0.4152   -8462.4903  0.4035
   00468    0.4056   -8530.8786  0.4056
   00469    0.4136   -8509.0776  0.4068
   00470    0.4200   -8500.3591  0.4088
   00471    0.4056   -8498.7303  0.4063
   00472    0.4128   -8510.5199  0.4074
   00473    0.4088   -8521.8770  0.4083
   00474    0.4008   -8512.8569  0.3963
   00475    0.4108   -8540.1454  0.3949
   00476    0.4136   -8496.2997  0.3961
   00477    0.4184   -8471.6041  0.4000
   00478    0.4068   -8437.4225  0.4002
   00479    0.4140   -8478.4275  0.4035
   00480    0.3996   -8447.7866  0.4050
   00481    0.4148   -8453.3369  0.4088
   00482    0.4124   -8453.6913  0.4085
   00483    0.4220   -8475.3859  0.4092
   00484    0.3956   -8442.2462  0.4125
   00485    0.4144   -8416.2685  0.4176
   00486    0.4248   -8465.4048  0.4227
   00487    0.4064   -8490.5650  0.4238
   00488    0.4192   -8466.0923  0.4265
   00489    0.4168   -8424.0134  0.4227
   00490    0.4180   -8435.6099  0.4196
   00491    0.4020   -8463.9262  0.4140
   00492    0.4144   -8432.3189  0.4110
   00493    0.4256   -8400.0623  0.4030
   00494    0.4128   -8456.6285  0.3977
   00495    0.4228   -8445.2835  0.3931
   00496    0.4140   -8484.7899  0.3931
   00497    0.4068   -8445.0291  0.3943
   00498    0.4212   -8434.7316  0.3886
   00499    0.4048   -8400.0778  0.3818
   00500    0.4224   -8380.0147  0.3790
