#=====================================================
# File created:        Sun-16-Feb-2025-at-12-41-34PM
# Size of lattice:     50x50
# Number of MC steps:  500
# Reduced temperature: 0.500
# Run time (s):        33.687183
#=====================================================
# MC step:  Ratio:     Energy:   Order:
#=====================================================
   00000    0.5000   -2600.6539  0.2532
   00001    0.6800   -3813.8491  0.2581
   00002    0.6244   -4558.5304  0.2697
   00003    0.5856   -5132.1790  0.2780
   00004    0.5584   -5482.6221  0.2764
   00005    0.5376   -5838.3140  0.2798
   00006    0.5252   -6096.3242  0.2810
   00007    0.5364   -6356.3549  0.2787
   00008    0.4960   -6562.0788  0.2828
   00009    0.4748   -6763.5724  0.2852
   00010    0.4624   -6898.0328  0.2818
   00011    0.4784   -7022.0318  0.2802
   00012    0.4952   -7118.3250  0.2842
   00013    0.4640   -7199.9144  0.2819
   00014    0.4708   -7296.6515  0.2781
   00015    0.4620   -7339.9827  0.2767
   00016    0.4540   -7395.8609  0.2759
   00017    0.4372   -7479.2463  0.2688
   00018    0.4736   -7465.3345  0.2630
   00019    0.4500   -7500.4471  0.2681
   00020    0.4360   -7574.0836  0.2744
   00021    0.4336   -7631.2356  0.2700
   00022    0.4740   -7633.0133  0.2750
   00023    0.4312   -7710.2366  0.2801
   00024    0.4492   -7725.1140  0.2764
   00025    0.4284   -7706.8058  0.2799
   00026    0.4308   -7810.6617  0.2856
   00027    0.4304   -7852.6293  0.2903
   00028    0.4344   -7801.5270  0.2914
   00029    0.4448   -7782.8891  0.2957
   00030    0.4432   -7799.1688  0.2916
   00031    0.4308   -7847.1707  0.2964
   00032    0.4324   -7850.6741  0.2999
   00033    0.4172   -7929.7233  0.3035
   00034    0.4420   -7936.6830  0.3040
   00035    0.4408   -7949.8583  0.3074
   00036    0.4240   -7928.4301  0.3094
   00037    0.4260   -7964.6587  0.3090
   00038    0.4220   -7964.3969  0.3117
   00039    0.4384   -7988.3927  0.3147
   00040    0.4344   -8049.0730  0.3194
   00041    0.4356   -7991.1633  0.3209
   00042    0.4356   -7962.8417  0.3127
   00043    0.4360   -7980.4828  0.3115
   00044    0.4412   -8048.1911  0.3071
   00045    0.4328   -8090.9336  0.3096
   00046    0.4200   -8098.8000  0.3087
   00047    0.4180   -8096.8671  0.3093
   00048    0.4208   -8100.6688  0.3142
   00049    0.4332   -8104.5509  0.3202
   00050    0.4336   -8149.2636  0.3181
   00051    0.4136   -8128.5889  0.3236
   00052    0.4288   -8122.1725  0.3205
   00053    0.4308   -8099.7898  0.3163
   00054    0.4188   -8136.6087  0.3211
   00055    0.4304   -8134.1124  0.3182
   00056    0.4192   -8172.5304  0.3141
   00057    0.4252   -8177.1219  0.3175
   00058    0.4220   -8138.4348  0.3126
   00059    0.4260   -8146.0740  0.3141
   00060    0.4332   -8145.3621  0.3171
   00061    0.4244   -8187.9638  0.3197
   00062    0.4124   -8188.2373  0.3210
   00063    0.4244   -8148.5856  0.3209
   00064    0.4304   -8171.2020  0.3260
   00065    0.4356   -8172.5030  0.3185
   00066    0.4284   -8226.6478  0.3161
   00067    0.4052   -8252.9472  0.3134
   00068    0.4160   -8249.9439  0.3183
   00069    0.4200   -8254.0048  0.3203
   00070    0.4104   -8233.6467  0.3192
   00071    0.4116   -8254.3950  0.3165
   00072    0.4336   -8231.5164  0.3129
   00073    0.4228   -8227.5943  0.3133
   00074    0.4176   -8235.7001  0.3124
   00075    0.4260   -8231.6142  0.3099
   00076    0.4108   -8225.4317  0.3072
   00077    0.4016   -8231.5241  0.3080
   00078    0.4220   -8223.5209  0.3087
   00079    0.4288   -8273.8338  0.3073
   00080    0.4104   -8241.8417  0.3063
   00081    0.4272   -8237.6620  0.3095
   00082    0.4220   -8254.0175  0.3070
   00083    0.4276   -8255.3962  0.3105
   00084    0.4024   -8260.6186  0.3118
   00085    0.4280   -8242.5389  0.3116
   00086    0.3984   -8200.9507  0.3140
   00087    0.4140   -8194.0192  0.3156
   00088    0.4220   -8204.5946  0.3191
   00089    0.4372   -8193.0875  0.3222
   00090    0.4064   -8252.9713  0.3245
   00091    0.4336   -8251.9264  0.3211
   00092    0.4316   -8268.9934  0.3177
   00093    0.4176   -8262.5574  0.3153
   00094    0.4016   -8247.3517  0.3181
   00095    0.4104   -8288.6752  0.3151
   00096    0.4320   -8278.7068  0.3180
   00097    0.4256   -8300.1162  0.3208
   00098    0.4436   -8310.7261  0.3150
   00099    0.4260   -8306.8329  0.3208
   00100    0.4332   -8309.9848  0.3274
   00101    0.4252   -8323.6422  0.3241
   00102    0.4212   -8317.0946  0.3304
   00103    0.4268   -8295.4645  0.3287
   00104    0.4084   -8316.3607  0.3286
   00105    0.4136   -8324.2829  0.3297
   00106    0.4088   -8316.6204  0.3274
   00107    0.4116   -8309.2813  0.3319
   00108    0.4240   -8305.1599  0.3302
   00109    0.4288   -8277.3448  0.3324
   00110    0.4328   -8291.0635  0.3281
   00111    0.4384   -8268.9156  0.3237
   00112    0.4260   -8267.3319  0.3198
   00113    0.4216   -8240.6941  0.3202
   00114    0.4180   -8265.9310  0.3183
   00115    0.4172   -8298.1113  0.3216
   00116    0.4212   -8288.9425  0.3227
   00117    0.4232   -8263.7915  0.3235
   00118    0.4280   -8312.7838  0.3320
   00119    0.4208   -8331.6529  0.3321
   00120    0.4420   -8352.6656  0.3271
   00121    0.4152   -8373.0595  0.3253
   00122    0.4220   -8331.5028  0.3191
   00123    0.4240   -8339.5073  0.3205
   00124    0.4148   -8354.8778  0.3202
   00125    0.4272   -8365.6084  0.3217
   00126    0.4252   -8355.6813  0.3215
   00127    0.4252   -8381.2745  0.3236
   00128    0.4284   -8368.8031  0.3149
   00129    0.4072   -8419.4406  0.3174
   00130    0.4148   -8402.8775  0.3214
   00131    0.4300   -8394.7506  0.3211
   00132    0.4100   -8406.9199  0.3193
   00133    0.4184   -8406.1040  0.3201
   00134    0.3968   -8421.5669  0.3241
   00135    0.4096   -8447.3721  0.3267
   00136    0.4156   -8476.3369  0.3283
   00137    0.4104   -8435.5605  0.3278
   00138    0.4332   -8425.5538  0.3361
   00139    0.4276   -8397.0439  0.3411
   00140    0.4132   -8395.5316  0.3426
   00141    0.4120   -8408.6421  0.3506
   00142    0.4092   -8413.7028  0.3593
   00143    0.4180   -8417.0575  0.3599
   00144    0.4032   -8404.2381  0.3488
   00145    0.4076   -8410.5386  0.3519
   00146    0.4124   -8410.8772  0.3604
   00147    0.4164   -8443.1324  0.3575
   00148    0.4164   -8397.4280  0.3551
   00149    0.4184   -8383.4547  0.3506
   00150    0.4060   -8420.9748  0.3513
   00151    0.4056   -8425.0153  0.3546
   00152    0.4136   -8463.8345  0.3517
   00153    0.4276   -8444.1774  0.3526
   00154    0.4252   -8423.4292  0.3521
   00155    0.4236   -8415.1182  0.3521
   00156    0.4080   -8409.2662  0.3537
   00157    0.4104   -8421.9371  0.3627
   00158    0.4152   -8435.7274  0.3544
   00159    0.4016   -8386.6217  0.3524
   00160    0.4196   -8406.6562  0.3483
   00161    0.4164   -8420.6315  0.3538
   00162    0.4200   -8433.1197  0.3482
   00163    0.4200   -8478.4593  0.3494
   00164    0.3972   -8442.3299  0.3578
   00165    0.4248   -8394.2626  0.3507
   00166    0.4272   -8420.5652  0.3491
   00167    0.4048   -8432.8060  0.3468
   00168    0.4276   -8463.9188  0.3516
   00169    0.4248   -8470.8469  0.3575
   00170    0.4108   -8466.7122  0.3518
   00171    0.4144   -8470.1734  0.3465
   00172    0.4136   -8457.7682  0.3432
   00173    0.4180   -8474.3230  0.3395
   00174    0.4180   -8485.2161  0.3365
   00175    0.4236   -8480.9830  0.3345
   00176    0.4176   -8475.6652  0.3339
   00177    0.4208   -8463.3506  0.3412
   00178    0.4088   -8487.9527  0.3431
   00179    0.4044   -8461.9388  0.3370
   00180    0.4272   -8448.8268  0.3329
   00181    0.4112   -8434.9813  0.3306
   00182    0.4176   -8430.8073  0.3379
   00183    0.3968   -8391.0547  0.3397
   00184    0.4076   -8388.9936  0.3422
   00185    0.4260   -8401.5268  0.3462
   00186    0.4100   -8414.4825  0.3485
   00187    0.4056   -8447.8978  0.3525
   00188    0.3988   -8433.8228  0.3543
   00189    0.4052   -8449.2246  0.3510
   00190    0.4144   -8441.3835  0.3519
   00191    0.3972   -8422.2023  0.3533
   00192    0.4016   -8408.7844  0.3516
   00193    0.4372   -8360.8333  0.3507
   00194    0.4256   -8380.2669  0.3477
   00195    0.4140   -8358.7779  0.3560
   00196    0.4104   -8357.6311  0.3593
   00197    0.3992   -8405.3798  0.3583
   00198    0.4184   -8373.5606  0.3479
   00199    0.4096   -8395.0361  0.3464
   00200    0.4008   -8403.0676  0.3456
   00201    0.4164   -8448.5557  0.3484
   00202    0.4168   -8418.9965  0.3562
   00203    0.4036   -8430.0780  0.3566
   00204    0.4076   -8461.3455  0.3577
   00205    0.4256   -8485.9330  0.3528
   00206    0.4148   -8479.8674  0.3568
   00207    0.4204   -8527.3577  0.3565
   00208    0.4012   -8494.6079  0.3648
   00209    0.4056   -8485.7448  0.3605
   00210    0.4156   -8458.1658  0.3625
   00211    0.4068   -8460.2664  0.3649
   00212    0.4112   -8492.9931  0.3662
   00213    0.4148   -8491.3559  0.3705
   00214    0.3940   -8477.4757  0.3655
   00215    0.4100   -8507.6780  0.3720
   00216    0.4116   -8523.6982  0.3723
   00217    0.4144   -8500.5620  0.3715
   00218    0.3976   -8466.6025  0.3709
   00219    0.4188   -8456.6068  0.3701
   00220    0.4244   -8493.3803  0.3642
   00221    0.4292   -8438.1208  0.3633
   00222    0.4160   -8397.6831  0.3575
   00223    0.4016   -8423.6120  0.3597
   00224    0.4364   -8433.7895  0.3578
   00225    0.4056   -8433.6226  0.3576
   00226    0.4196   -8430.6034  0.3519
   00227    0.4204   -8372.5111  0.3491
   00228    0.4096   -8354.3980  0.3479
   00229    0.4108   -8342.7103  0.3502
   00230    0.4184   -8412.9042  0.3493
   00231    0.4004   -8389.5970  0.3462
   00232    0.4076   -8410.9740  0.3470
   00233    0.4200   -8445.0915  0.3453
   00234    0.3968   -8475.4148  0.3415
   00235    0.4220   -8475.9602  0.3417
   00236    0.4144   -8460.7476  0.3412
   00237    0.4176   -8463.8249  0.3383
   00238    0.4132   -8489.4355  0.3384
   00239    0.4104   -8524.3977  0.3412
   00240    0.4056   -8500.7371  0.3368
   00241    0.4196   -8501.4659  0.3387
   00242    0.4032   -8554.8526  0.3386
   00243    0.4064   -8531.5475  0.3384
   00244    0.3984   -8492.7681  0.3426
   00245    0.4092   -8454.9555  0.3457
   00246    0.4100   -8495.8425  0.3418
   00247    0.4084   -8500.7159  0.3369
   00248    0.4188   -8465.4505  0.3310
   00249    0.4208   -8451.8013  0.3291
   00250    0.3988   -8428.4479  0.3335
   00251    0.4112   -8434.3694  0.3363
   00252    0.4200   -8425.3393  0.3342
   00253    0.3908   -8429.5714  0.3318
   00254    0.4256   -8439.8740  0.3400
   00255    0.4244   -8455.1854  0.3330
   00256    0.3988   -8507.9174  0.3305
   00257    0.4116   -8462.6810  0.3287
   00258    0.4216   -8454.5257  0.3297
   00259    0.4080   -8404.5412  0.3255
   00260    0.4336   -8381.8184  0.3209
   00261    0.4260   -8377.6295  0.3142
   00262    0.4208   -8433.0796  0.3148
   00263    0.4100   -8479.3685  0.3151
   00264    0.4224   -8467.5413  0.3189
   00265    0.4140   -8490.7542  0.3120
   00266    0.4052   -8512.7000  0.3174
   00267    0.4048   -8490.6176  0.3196
   00268    0.4024   -8490.6484  0.3168
   00269    0.4264   -8460.3401  0.3134
   00270    0.4184   -8499.1185  0.3167
   00271    0.4024   -8491.3858  0.3158
   00272    0.4312   -8449.2840  0.3199
   00273    0.4040   -8480.0566  0.3176
   00274    0.4136   -8519.1801  0.3108
   00275    0.4144   -8502.6685  0.3146
   00276    0.4188   -8485.3316  0.3170
   00277    0.4148   -8456.4601  0.3151
   00278    0.4252   -8477.9472  0.3103
   00279    0.4264   -8385.7219  0.3135
   00280    0.4140   -8427.6297  0.3131
   00281    0.3952   -8438.8450  0.3140
   00282    0.4148   -8431.2373  0.3157
   00283    0.4360   -8477.3704  0.3124
   00284    0.4128   -8482.2198  0.3101
   00285    0.4024   -8497.4432  0.3131
   00286    0.4172   -8534.6262  0.3155
   00287    0.4100   -8478.5347  0.3171
   00288    0.4260   -8473.1268  0.3209
   00289    0.4160   -8446.8361  0.3221
   00290    0.4168   -8420.3050  0.3291
   00291    0.4120   -8438.9775  0.3277
   00292    0.4080   -8375.3002  0.3346
   00293    0.4344   -8368.8542  0.3353
   00294    0.4124   -8401.0269  0.3355
   00295    0.4408   -8410.6966  0.3320
   00296    0.4236   -8453.3442  0.3365
   00297    0.4264   -8426.6506  0.3432
   00298    0.4108   -8438.8876  0.3514
   00299    0.3936   -8428.2934  0.3592
   00300    0.4152   -8492.9315  0.3644
   00301    0.4152   -8534.1936  0.3641
   00302    0.4112   -8515.1170  0.3609
   00303    0.3952   -8489.1402  0.3609
   00304    0.4084   -8514.6443  0.3610
   00305    0.4248   -8500.9657  0.3547
   00306    0.4144   -8485.5010  0.3637
   00307    0.4168   -8501.1145  0.3666
   00308    0.4164   -8464.9486  0.3699
   00309    0.4096   -8475.0584  0.3665
   00310    0.4092   -8496.2093  0.3557
   00311    0.4208   -8456.8946  0.3568
   00312    0.4096   -8470.8297  0.3575
   00313    0.4232   -8535.3101  0.3553
   00314    0.4208   -8500.5974  0.3625
   00315    0.4236   -8509.6179  0.3653
   00316    0.4016   -8477.9438  0.3644
   00317    0.4032   -8508.4624  0.3599
   00318    0.4188   -8528.8220  0.3619
   00319    0.4132   -8519.5353  0.3669
   00320    0.4116   -8538.2877  0.3745
   00321    0.4096   -8511.1041  0.3722
   00322    0.4088   -8493.0916  0.3731
   00323    0.4084   -8488.3874  0.3728
   00324    0.4176   -8507.5162  0.3776
   00325    0.4080   -8518.4020  0.3738
   00326    0.4128   -8549.4810  0.3812
   00327    0.4068   -8546.3857  0.3791
   00328    0.4168   -8492.5833  0.3847
   00329    0.4032   -8516.1117  0.3923
   00330    0.3984   -8503.2591  0.3891
   00331    0.4188   -8471.9825  0.3872
   00332    0.4048   -8477.1836  0.3852
   00333    0.3928   -8452.7044  0.3821
   00334    0.4084   -8444.8388  0.3800
   00335    0.4128   -8485.6802  0.3854
   00336    0.4156   -8473.8347  0.3853
   00337    0.4128   -8492.8702  0.3851
   00338    0.3972   -8464.9441  0.3829
   00339    0.4108   -8446.3569  0.3876
   00340    0.4196   -8446.8268  0.3890
   00341    0.4148   -8498.8241  0.3907
   00342    0.4048   -8517.8916  0.3961
   00343    0.4256   -8498.4569  0.3974
   00344    0.4104   -8518.8082  0.3989
   00345    0.4336   -8466.4371  0.4015
   00346    0.4176   -8508.4981  0.4076
   00347    0.4116   -8462.9201  0.4103
   00348    0.4068   -8508.3704  0.4128
   00349    0.4112   -8554.5154  0.4178
   00350    0.3988   -8518.2781  0.4157
   00351    0.4132   -8483.9988  0.4205
   00352    0.4016   -8479.8580  0.4244
   00353    0.4232   -8537.4289  0.4248
   00354    0.4144   -8527.4111  0.4312
   00355    0.4224   -8544.5340  0.4283
   00356    0.4136   -8535.9360  0.4263
   00357    0.4144   -8537.2720  0.4341
   00358    0.4004   -8523.2125  0.4366
   00359    0.4212   -8495.6773  0.4395
   00360    0.3960   -8490.0994  0.4429
   00361    0.4120   -8501.6776  0.4529
   00362    0.4096   -8492.3769  0.4559
   00363    0.3948   -8579.6571  0.4657
   00364    0.4224   -8558.1986  0.4703
   00365    0.4200   -8546.4572  0.4695
   00366    0.4044   -8541.2916  0.4672
   00367    0.4104   -8551.9142  0.4661
   00368    0.4132   -8599.0379  0.4773
   00369    0.4124   -8584.0750  0.4794
   00370    0.3992   -8557.0502  0.4704
   00371    0.4092   -8524.7100  0.4670
   00372    0.4156   -8488.8970  0.4709
   00373    0.4132   -8500.3097  0.4668
   00374    0.4164   -8512.6648  0.4643
   00375    0.4144   -8509.4246  0.4577
   00376    0.4240   -8494.8200  0.4572
   00377    0.4004   -8477.4528  0.4606
   00378    0.4176   -8498.0287  0.4571
   00379    0.4220   -8535.8378  0.4607
   00380    0.3988   -8552.8223  0.4631
   00381    0.3992   -8506.2411  0.4593
   00382    0.4184   -8542.8910  0.4601
   00383    0.4092   -8578.1025  0.4598
   00384    0.4152   -8551.3010  0.4590
   00385    0.3864   -8515.2347  0.4514
   00386    0.3944   -8502.0792  0.4622
   00387    0.4104   -8512.2842  0.4654
   00388    0.4120   -8513.8156  0.4660
   00389    0.4044   -8529.0073  0.4600
   00390    0.4160   -8509.7794  0.4523
   00391    0.4096   -8498.1859  0.4536
   00392    0.4116   -8475.2294  0.4539
   00393    0.4140   -8493.5081  0.4561
   00394    0.4040   -8525.0840  0.4487
   00395    0.4128   -8507.5139  0.4494
   00396    0.4072   -8498.7681  0.4556
   00397    0.3972   -8500.4799  0.4623
   00398    0.4132   -8473.4910  0.4652
   00399    0.4212   -8548.5942  0.4706
   00400    0.4076   -8558.2637  0.4724
   00401    0.3992   -8552.2367  0.4698
   00402    0.3924   -8500.7460  0.4717
   00403    0.4084   -8498.0293  0.4819
   00404    0.4108   -8470.7136  0.4851
   00405    0.4208   -8454.0014  0.4841
   00406    0.4164   -8424.8437  0.4829
   00407    0.4056   -8458.4489  0.4854
   00408    0.3956   -8449.1938  0.4871
   00409    0.4092   -8432.9576  0.4872
   00410    0.4180   -8467.8137  0.4802
   00411    0.4116   -8464.7189  0.4789
   00412    0.4156   -8493.7504  0.4849
   00413    0.4008   -8518.4582  0.4891
   00414    0.4208   -8516.0754  0.4810
   00415    0.4108   -8454.3935  0.4816
   00416    0.4160   -8485.4409  0.4853
   00417    0.4048   -8501.6065  0.4921
   00418    0.4220   -8496.3270  0.4887
   00419    0.4168   -8477.3799  0.4897
   00420    0.4244   -8500.5890  0.4865
   00421    0.4116   -8483.5191  0.4891
   00422    0.4088   -8453.5892  0.4897
   00423    0.4040   -8512.2668  0.4819
   00424    0.4028   -8523.3699  0.4767
   00425    0.4136   -8489.9119  0.4748
   00426    0.4040   -8470.8215  0.4801
   00427    0.4160   -8485.7156  0.4789
   00428    0.4352   -8454.4894  0.4808
   00429    0.4124   -8473.3698  0.4796
   00430    0.4200   -8495.8302  0.4811
   00431    0.4088   -8508.7628  0.4872
   00432    0.3924   -8484.5375  0.4883
   00433    0.4004   -8486.8557  0.4824
   00434    0.4164   -8480.0785  0.4774
   00435    0.4248   -8527.7685  0.4814
   00436    0.4204   -8526.3180  0.4831
   00437    0.4040   -8536.8191  0.4854
   00438    0.4156   -8559.1953  0.4843
   00439    0.4008   -8541.0214  0.4860
   00440    0.4120   -8529.2450  0.4859
   00441    0.4072   -8534.5075  0.4871
   00442    0.4164   -8500.0823  0.4829
   00443    0.4140   -8464.2884  0.4883
   00444    0.4188   -8459.8935  0.4933
   00445    0.4136   -8482.6116  0.4971
   00446    0.4192   -8486.2398  0.4946
   00447    0.4272   -8436.2749  0.4885
   00448    0.4140   -8430.8905  0.4909
   00449    0.4144   -8424.6841  0.4859
   00450    0.4148   -8459.6779  0.4894
   00451    0.4216   -8489.8940  0.4907
   00452    0.4288   -8476.8375  0.4899
   00453    0.4084   -8469.9679  0.4827
   00454    0.4172   -8466.7872  0.4864
   00455    0.4108   -8502.3803  0.4846
   00456    0.4052   -8522.8545  0.4901
   00457    0.4148   -8547.1970  0.4973
   00458    0.3948   -8523.9461  0.4956
   00459    0.4128   -8520.3368  0.5007
   00460    0.3936   -8532.6779  0.5002
   00461    0.3836   -8530.8427  0.4969
   00462    0.3872   -8537.9912  0.4977
   00463    0.4048   -8597.4024  0.5001
   00464    0.4036   -8601.1298  0.5032
   00465    0.4144   -8614.0580  0.5022
   00466    0.4212   -8556.7013  0.4982
   00467    0.4096   -8511.1444  0.5047
   00468    0.4184   -8528.0757  0.5073
   00469    0.4208   -8520.6635  0.5082
   00470    0.4112   -8523.6131  0.5062
   00471    0.3964   -8549.1360  0.5152
   00472    0.4180   -8529.2739  0.5188
   00473    0.4208   -8511.9820  0.5197
   00474    0.4188   -8513.0673  0.5204
   00475    0.4052   -8550.1118  0.5153
   00476    0.4204   -8581.6864  0.5152
   00477    0.4000   -8557.3083  0.5190
   00478    0.4076   -8586.0540  0.5183
   00479    0.3912   -8571.4186  0.5160
   00480    0.4248   -8565.6903  0.5094
   00481    0.4244   -8542.3982  0.5124
   00482    0.4032   -8605.5771  0.5117
   00483    0.4276   -8608.7289  0.5209
   00484    0.4224   -8602.4751  0.5183
   00485    0.4180   -8534.0945  0.5209
   00486    0.4080   -8537.3445  0.5251
   00487    0.3992   -8556.5798  0.5205
   00488    0.4148   -8545.1192  0.5145
   00489    0.4016   -8585.6973  0.5155
   00490    0.4068   -8552.3627  0.5170
   00491    0.4080   -8544.0376  0.5214
   00492    0.3964   -8580.1926  0.5200
   00493    0.4056   -8607.9554  0.5216
   00494    0.4040   -8586.2271  0.5262
   00495    0.4096   -8595.4985  0.5312
   00496    0.3964   -8560.4454  0.5272
   00497    0.4120   -8612.1983  0.5317
   00498    0.3896   -8610.3838  0.5305
   00499    0.4000   -8569.8077  0.5246
   00500    0.4024   -8534.7339  0.5276
