#=====================================================
# File created:        Fri-14-Feb-2025-at-06-23-10PM
# Size of lattice:     50x50
# Number of MC steps:  500
# Reduced temperature: 0.500
# Run time (s):        38.618180
#=====================================================
# MC step:  Ratio:     Energy:   Order:
#=====================================================
   00000    0.5000   -2557.4026  0.2631
   00001    0.6644   -3782.3141  0.2788
   00002    0.6280   -4491.7089  0.2846
   00003    0.5796   -5101.3955  0.2895
   00004    0.5648   -5536.6526  0.2952
   00005    0.5472   -5862.5428  0.3059
   00006    0.5168   -6118.3454  0.3020
   00007    0.5136   -6370.0176  0.3084
   00008    0.4892   -6545.0244  0.3058
   00009    0.4868   -6692.3732  0.2961
   00010    0.4692   -6855.4218  0.2931
   00011    0.4848   -6932.2605  0.2945
   00012    0.4720   -7084.3405  0.2961
   00013    0.4636   -7168.5178  0.2931
   00014    0.4748   -7210.1814  0.2880
   00015    0.4584   -7320.3555  0.2944
   00016    0.4756   -7309.4379  0.2904
   00017    0.4688   -7378.8380  0.2892
   00018    0.4556   -7398.2607  0.2812
   00019    0.4536   -7447.8620  0.2764
   00020    0.4456   -7469.8000  0.2707
   00021    0.4440   -7535.9527  0.2697
   00022    0.4544   -7532.8948  0.2708
   00023    0.4456   -7546.8150  0.2662
   00024    0.4420   -7624.0963  0.2680
   00025    0.4404   -7637.9111  0.2698
   00026    0.4536   -7649.5567  0.2752
   00027    0.4232   -7706.8964  0.2813
   00028    0.4308   -7719.6821  0.2682
   00029    0.4416   -7743.1900  0.2666
   00030    0.4400   -7791.0587  0.2682
   00031    0.4424   -7795.5037  0.2709
   00032    0.4272   -7843.6814  0.2683
   00033    0.4360   -7904.8165  0.2744
   00034    0.4356   -7935.3799  0.2722
   00035    0.4244   -7907.1975  0.2810
   00036    0.4284   -7930.0905  0.2785
   00037    0.4196   -7974.1115  0.2737
   00038    0.4172   -7952.0322  0.2714
   00039    0.4368   -7972.6740  0.2764
   00040    0.4188   -7992.8420  0.2783
   00041    0.4284   -8030.5712  0.2781
   00042    0.4208   -8028.1458  0.2767
   00043    0.4360   -8087.4608  0.2755
   00044    0.4208   -8102.8261  0.2864
   00045    0.4248   -8070.1640  0.2871
   00046    0.4320   -8107.8117  0.2833
   00047    0.4252   -8131.4620  0.2828
   00048    0.4244   -8101.2063  0.2803
   00049    0.4296   -8076.8233  0.2795
   00050    0.4244   -8077.2967  0.2848
   00051    0.4300   -8087.4600  0.2778
   00052    0.4240   -8100.4448  0.2771
   00053    0.4216   -8082.9025  0.2824
   00054    0.4268   -8085.4018  0.2850
   00055    0.4344   -8083.8085  0.2884
   00056    0.4276   -8082.1481  0.2894
   00057    0.4320   -8106.2544  0.2966
   00058    0.4292   -8096.1089  0.2905
   00059    0.4308   -8153.4179  0.2958
   00060    0.4404   -8178.9036  0.2980
   00061    0.4312   -8174.9425  0.2981
   00062    0.4224   -8194.2825  0.2977
   00063    0.4204   -8163.0934  0.2964
   00064    0.4316   -8192.0745  0.2984
   00065    0.4172   -8164.9140  0.2988
   00066    0.4236   -8179.5645  0.2981
   00067    0.4280   -8159.4963  0.2960
   00068    0.4292   -8131.4764  0.2931
   00069    0.4276   -8162.6119  0.2924
   00070    0.4276   -8196.5809  0.2933
   00071    0.4344   -8149.7017  0.2957
   00072    0.4208   -8156.0319  0.2979
   00073    0.4108   -8169.9614  0.3016
   00074    0.4184   -8169.1043  0.3049
   00075    0.4292   -8165.2454  0.2970
   00076    0.4164   -8238.0613  0.3024
   00077    0.4204   -8211.6966  0.2997
   00078    0.4264   -8229.7187  0.2911
   00079    0.4240   -8215.3861  0.2891
   00080    0.4240   -8195.1583  0.2866
   00081    0.4188   -8217.6714  0.2885
   00082    0.4396   -8211.4737  0.2823
   00083    0.4264   -8244.4379  0.2776
   00084    0.4104   -8251.8566  0.2750
   00085    0.4144   -8287.7575  0.2773
   00086    0.4164   -8284.6527  0.2757
   00087    0.4076   -8264.2862  0.2785
   00088    0.4160   -8242.1776  0.2790
   00089    0.4120   -8229.1348  0.2788
   00090    0.4176   -8255.0570  0.2738
   00091    0.4008   -8250.2867  0.2797
   00092    0.4220   -8296.2340  0.2791
   00093    0.4228   -8331.3140  0.2718
   00094    0.4108   -8314.8520  0.2798
   00095    0.4088   -8264.8852  0.2833
   00096    0.4352   -8298.8242  0.2784
   00097    0.4236   -8324.6502  0.2802
   00098    0.4276   -8357.1819  0.2776
   00099    0.4324   -8335.9119  0.2737
   00100    0.4096   -8344.2590  0.2778
   00101    0.4176   -8395.7804  0.2808
   00102    0.4296   -8384.5720  0.2855
   00103    0.4148   -8386.4624  0.2893
   00104    0.4260   -8350.8686  0.2924
   00105    0.4032   -8377.6080  0.2892
   00106    0.4100   -8368.3530  0.2875
   00107    0.4188   -8373.9931  0.2885
   00108    0.4032   -8380.9935  0.2870
   00109    0.4256   -8384.9085  0.2900
   00110    0.4200   -8408.1563  0.2897
   00111    0.4072   -8355.2448  0.2922
   00112    0.4252   -8362.0134  0.2986
   00113    0.4160   -8371.1023  0.2936
   00114    0.4184   -8359.8970  0.2968
   00115    0.4200   -8339.8821  0.2993
   00116    0.4012   -8342.0755  0.2993
   00117    0.4236   -8363.0778  0.2997
   00118    0.4292   -8317.9954  0.3107
   00119    0.4116   -8368.5372  0.3116
   00120    0.4024   -8317.1429  0.3150
   00121    0.4248   -8304.4067  0.3097
   00122    0.4068   -8309.7060  0.3107
   00123    0.4076   -8286.4744  0.3151
   00124    0.3988   -8288.8781  0.3229
   00125    0.4200   -8292.9667  0.3227
   00126    0.4356   -8280.5545  0.3236
   00127    0.4308   -8284.3050  0.3261
   00128    0.4228   -8297.7481  0.3331
   00129    0.4120   -8308.7460  0.3344
   00130    0.4256   -8305.1549  0.3370
   00131    0.4148   -8278.1604  0.3384
   00132    0.4172   -8302.0885  0.3313
   00133    0.4308   -8290.3566  0.3416
   00134    0.4208   -8287.0851  0.3461
   00135    0.4224   -8294.7801  0.3465
   00136    0.4248   -8292.3135  0.3454
   00137    0.4216   -8294.7008  0.3471
   00138    0.4232   -8295.3847  0.3430
   00139    0.4148   -8319.5156  0.3453
   00140    0.4160   -8343.6610  0.3428
   00141    0.4152   -8346.2068  0.3394
   00142    0.4248   -8334.2533  0.3425
   00143    0.4224   -8335.7521  0.3419
   00144    0.4224   -8324.0952  0.3428
   00145    0.4080   -8316.3329  0.3402
   00146    0.4156   -8301.1615  0.3395
   00147    0.4300   -8298.3934  0.3383
   00148    0.4228   -8317.9491  0.3385
   00149    0.4188   -8265.1169  0.3356
   00150    0.4184   -8250.1047  0.3319
   00151    0.4128   -8269.4088  0.3362
   00152    0.4128   -8276.7726  0.3352
   00153    0.4296   -8311.4064  0.3341
   00154    0.4296   -8313.4989  0.3371
   00155    0.4144   -8324.9682  0.3413
   00156    0.4260   -8346.3474  0.3463
   00157    0.4096   -8358.2789  0.3416
   00158    0.4048   -8378.8133  0.3442
   00159    0.4064   -8406.1340  0.3397
   00160    0.4228   -8407.4205  0.3385
   00161    0.4152   -8384.4495  0.3400
   00162    0.4052   -8381.1574  0.3310
   00163    0.4016   -8350.4367  0.3283
   00164    0.4176   -8409.5761  0.3316
   00165    0.4256   -8347.9885  0.3322
   00166    0.4368   -8316.0740  0.3278
   00167    0.4064   -8322.4200  0.3330
   00168    0.4108   -8341.0559  0.3341
   00169    0.4236   -8364.7208  0.3364
   00170    0.4204   -8346.7037  0.3296
   00171    0.4336   -8349.0748  0.3293
   00172    0.4264   -8364.2457  0.3284
   00173    0.4216   -8378.5581  0.3237
   00174    0.4264   -8358.1795  0.3234
   00175    0.4028   -8339.0387  0.3251
   00176    0.4048   -8293.4276  0.3190
   00177    0.4508   -8307.8154  0.3262
   00178    0.4316   -8326.9107  0.3206
   00179    0.4240   -8336.0247  0.3256
   00180    0.4204   -8288.2722  0.3223
   00181    0.4180   -8283.8923  0.3264
   00182    0.4180   -8278.2595  0.3239
   00183    0.4136   -8255.3684  0.3293
   00184    0.4156   -8266.5486  0.3255
   00185    0.4060   -8291.0953  0.3366
   00186    0.4152   -8285.6227  0.3415
   00187    0.4252   -8304.3500  0.3468
   00188    0.4160   -8302.5169  0.3474
   00189    0.4084   -8279.6789  0.3451
   00190    0.4272   -8305.6968  0.3460
   00191    0.4084   -8335.6484  0.3505
   00192    0.4208   -8352.3271  0.3504
   00193    0.4268   -8350.4988  0.3536
   00194    0.4156   -8361.0143  0.3532
   00195    0.3984   -8327.9568  0.3542
   00196    0.4188   -8336.1302  0.3525
   00197    0.4280   -8353.7041  0.3513
   00198    0.4208   -8372.5737  0.3658
   00199    0.4168   -8421.4796  0.3745
   00200    0.3908   -8386.6057  0.3811
   00201    0.4124   -8387.9355  0.3875
   00202    0.4084   -8419.6114  0.3895
   00203    0.4212   -8431.4161  0.3869
   00204    0.4056   -8438.8017  0.3889
   00205    0.3900   -8435.6799  0.3942
   00206    0.4088   -8382.7817  0.3912
   00207    0.4252   -8368.8571  0.3913
   00208    0.4200   -8435.8091  0.3949
   00209    0.4032   -8410.1813  0.3963
   00210    0.4128   -8400.9456  0.3965
   00211    0.4024   -8420.4574  0.3972
   00212    0.4148   -8408.5556  0.3934
   00213    0.4212   -8412.2586  0.3897
   00214    0.4072   -8416.5628  0.3870
   00215    0.4152   -8451.4383  0.3880
   00216    0.4132   -8440.4268  0.3909
   00217    0.4184   -8429.3522  0.3989
   00218    0.4040   -8432.9103  0.3991
   00219    0.4108   -8461.7009  0.4031
   00220    0.3984   -8506.6772  0.4095
   00221    0.4200   -8511.6759  0.4080
   00222    0.4100   -8479.8471  0.4054
   00223    0.4000   -8451.9473  0.3970
   00224    0.4144   -8438.8956  0.3937
   00225    0.4072   -8414.7446  0.3906
   00226    0.4144   -8418.5248  0.3909
   00227    0.4388   -8417.6004  0.3969
   00228    0.4028   -8353.9869  0.4003
   00229    0.4092   -8355.0708  0.4022
   00230    0.4104   -8315.9660  0.3996
   00231    0.4204   -8322.2980  0.3948
   00232    0.4168   -8327.0375  0.3988
   00233    0.4092   -8349.6137  0.3993
   00234    0.4120   -8346.6872  0.4047
   00235    0.4276   -8308.4293  0.4114
   00236    0.4040   -8351.2695  0.4128
   00237    0.4040   -8383.3363  0.4086
   00238    0.4132   -8360.0676  0.4103
   00239    0.4160   -8357.4028  0.3984
   00240    0.4080   -8400.8394  0.3925
   00241    0.4288   -8417.0918  0.3901
   00242    0.4348   -8399.0538  0.3894
   00243    0.4248   -8366.1998  0.3894
   00244    0.4260   -8393.7028  0.3906
   00245    0.4112   -8429.2180  0.3897
   00246    0.4076   -8429.3523  0.3915
   00247    0.4080   -8411.9949  0.3932
   00248    0.4236   -8406.1896  0.3926
   00249    0.4076   -8450.6238  0.3851
   00250    0.4112   -8399.9507  0.3803
   00251    0.4256   -8426.8865  0.3810
   00252    0.4204   -8419.3442  0.3888
   00253    0.4164   -8469.1722  0.3920
   00254    0.4192   -8456.8797  0.3912
   00255    0.4108   -8475.0079  0.3970
   00256    0.4004   -8439.9721  0.3969
   00257    0.4240   -8427.4975  0.4033
   00258    0.4100   -8417.5462  0.3987
   00259    0.4048   -8422.4752  0.4027
   00260    0.4160   -8450.9254  0.4056
   00261    0.4044   -8433.2338  0.4140
   00262    0.4036   -8367.0871  0.4082
   00263    0.4184   -8379.8847  0.3949
   00264    0.4100   -8397.7030  0.4025
   00265    0.4276   -8389.0850  0.4029
   00266    0.4180   -8433.3368  0.3997
   00267    0.4248   -8428.6776  0.3889
   00268    0.4120   -8447.0122  0.3868
   00269    0.4088   -8399.5718  0.3916
   00270    0.4140   -8403.8075  0.3935
   00271    0.4196   -8462.1256  0.3999
   00272    0.4368   -8399.7346  0.4014
   00273    0.4116   -8407.7256  0.3996
   00274    0.4164   -8400.3331  0.4023
   00275    0.4116   -8425.5107  0.4048
   00276    0.4056   -8474.2602  0.4116
   00277    0.4176   -8454.5467  0.4079
   00278    0.3984   -8483.9166  0.4101
   00279    0.4328   -8489.6210  0.4054
   00280    0.4168   -8498.6561  0.4028
   00281    0.4008   -8506.2788  0.4049
   00282    0.4268   -8482.2423  0.3999
   00283    0.4256   -8466.4219  0.3959
   00284    0.4156   -8430.4230  0.3942
   00285    0.4020   -8472.1861  0.3908
   00286    0.4116   -8483.5392  0.3873
   00287    0.3976   -8475.9299  0.3916
   00288    0.4176   -8433.9588  0.3949
   00289    0.4124   -8436.7391  0.3961
   00290    0.4256   -8461.2581  0.3998
   00291    0.4116   -8386.7634  0.3978
   00292    0.4144   -8422.6934  0.3993
   00293    0.4176   -8463.3664  0.4051
   00294    0.4136   -8434.4408  0.4058
   00295    0.4304   -8379.3596  0.4008
   00296    0.4124   -8417.3419  0.4063
   00297    0.4092   -8453.2591  0.4103
   00298    0.4080   -8462.6557  0.4073
   00299    0.4120   -8444.6266  0.4014
   00300    0.4064   -8488.7677  0.4065
   00301    0.4016   -8480.1471  0.4051
   00302    0.4116   -8401.0231  0.3978
   00303    0.4184   -8419.9692  0.3999
   00304    0.4240   -8463.7412  0.3942
   00305    0.4252   -8454.3401  0.3853
   00306    0.4176   -8460.3516  0.3835
   00307    0.4300   -8447.6678  0.3911
   00308    0.4108   -8427.7625  0.3916
   00309    0.4140   -8419.9430  0.3964
   00310    0.4264   -8425.0507  0.3988
   00311    0.4208   -8406.2534  0.4022
   00312    0.4140   -8383.9865  0.4031
   00313    0.4276   -8373.8083  0.4062
   00314    0.4320   -8417.9075  0.4094
   00315    0.4292   -8405.0668  0.4048
   00316    0.4116   -8371.6679  0.4013
   00317    0.4036   -8413.4821  0.4006
   00318    0.3992   -8465.8475  0.4027
   00319    0.4232   -8469.4348  0.4001
   00320    0.4092   -8471.8095  0.3970
   00321    0.4276   -8471.4326  0.4016
   00322    0.4112   -8457.2261  0.4000
   00323    0.4296   -8428.0533  0.4030
   00324    0.4128   -8454.2826  0.4029
   00325    0.4156   -8476.5425  0.3953
   00326    0.4280   -8479.3706  0.3981
   00327    0.4104   -8450.9657  0.3982
   00328    0.4188   -8450.5839  0.3921
   00329    0.4148   -8443.2369  0.3931
   00330    0.4288   -8460.1055  0.3982
   00331    0.4108   -8460.7004  0.3992
   00332    0.4160   -8443.5451  0.3973
   00333    0.4296   -8488.1394  0.3945
   00334    0.4060   -8445.2554  0.3951
   00335    0.4140   -8461.2947  0.3952
   00336    0.3968   -8514.1383  0.3907
   00337    0.4212   -8510.1036  0.3937
   00338    0.4200   -8509.8464  0.3937
   00339    0.4052   -8461.6727  0.3951
   00340    0.4180   -8496.8632  0.4015
   00341    0.4264   -8465.6831  0.3965
   00342    0.4244   -8432.5315  0.3902
   00343    0.4024   -8368.0618  0.3856
   00344    0.4260   -8437.4416  0.3923
   00345    0.4096   -8462.1784  0.3952
   00346    0.4112   -8471.2422  0.3939
   00347    0.4164   -8504.5291  0.4001
   00348    0.4188   -8472.4697  0.3945
   00349    0.4172   -8463.2914  0.3970
   00350    0.4172   -8465.9665  0.4002
   00351    0.4240   -8383.9289  0.4043
   00352    0.4176   -8441.7356  0.4105
   00353    0.4068   -8461.4979  0.4137
   00354    0.4092   -8442.2092  0.4106
   00355    0.4052   -8446.5149  0.4106
   00356    0.4156   -8448.4314  0.4095
   00357    0.4124   -8450.3707  0.4106
   00358    0.4124   -8436.0039  0.4048
   00359    0.4016   -8431.2820  0.4022
   00360    0.4068   -8418.3956  0.4007
   00361    0.4140   -8424.7823  0.3998
   00362    0.4112   -8410.2129  0.4057
   00363    0.4204   -8417.7326  0.4066
   00364    0.4172   -8402.5235  0.4064
   00365    0.4068   -8414.0848  0.4086
   00366    0.4100   -8468.3747  0.4058
   00367    0.4176   -8436.3953  0.4029
   00368    0.4116   -8411.1094  0.4044
   00369    0.4144   -8436.0086  0.4063
   00370    0.4076   -8448.4594  0.4109
   00371    0.4068   -8434.5607  0.4112
   00372    0.4356   -8415.1291  0.4075
   00373    0.4228   -8477.0310  0.4120
   00374    0.4116   -8460.8728  0.4151
   00375    0.4212   -8511.8585  0.4183
   00376    0.4220   -8464.9176  0.4174
   00377    0.4012   -8444.2069  0.4195
   00378    0.4104   -8480.1406  0.4237
   00379    0.4108   -8508.9688  0.4203
   00380    0.4204   -8515.7909  0.4248
   00381    0.4068   -8511.6953  0.4209
   00382    0.4232   -8492.8138  0.4195
   00383    0.4128   -8486.6568  0.4206
   00384    0.4120   -8500.2236  0.4210
   00385    0.4140   -8496.5112  0.4266
   00386    0.4224   -8443.4890  0.4286
   00387    0.4124   -8452.4247  0.4351
   00388    0.3992   -8443.8331  0.4313
   00389    0.4152   -8443.5555  0.4318
   00390    0.4036   -8377.5213  0.4213
   00391    0.3996   -8432.7238  0.4190
   00392    0.4172   -8397.4386  0.4131
   00393    0.4224   -8401.6436  0.4127
   00394    0.4112   -8380.7040  0.4163
   00395    0.3968   -8372.5052  0.4133
   00396    0.4268   -8404.1593  0.4139
   00397    0.4220   -8421.9528  0.4204
   00398    0.4160   -8438.9597  0.4204
   00399    0.4068   -8438.0152  0.4220
   00400    0.4048   -8481.2794  0.4285
   00401    0.4236   -8481.3499  0.4336
   00402    0.4184   -8459.5641  0.4383
   00403    0.4232   -8491.2822  0.4338
   00404    0.4236   -8459.5723  0.4317
   00405    0.4176   -8473.3263  0.4289
   00406    0.4236   -8446.6970  0.4296
   00407    0.4144   -8460.7756  0.4359
   00408    0.4032   -8482.8978  0.4339
   00409    0.4060   -8493.2101  0.4377
   00410    0.4112   -8482.6841  0.4368
   00411    0.4240   -8530.6655  0.4360
   00412    0.4256   -8535.2185  0.4340
   00413    0.3948   -8521.2870  0.4336
   00414    0.4028   -8508.4390  0.4302
   00415    0.4172   -8482.7294  0.4319
   00416    0.4172   -8457.8191  0.4274
   00417    0.4240   -8436.3970  0.4314
   00418    0.4340   -8406.8450  0.4326
   00419    0.4100   -8416.3899  0.4314
   00420    0.4204   -8466.1707  0.4317
   00421    0.4208   -8467.7365  0.4364
   00422    0.4312   -8434.3815  0.4299
   00423    0.4096   -8445.7879  0.4303
   00424    0.4232   -8466.8250  0.4370
   00425    0.4052   -8481.1410  0.4365
   00426    0.4092   -8518.7825  0.4379
   00427    0.4100   -8513.1926  0.4416
   00428    0.4196   -8480.1045  0.4467
   00429    0.4040   -8494.2596  0.4483
   00430    0.4056   -8511.8053  0.4534
   00431    0.4128   -8517.9343  0.4511
   00432    0.3972   -8480.3243  0.4468
   00433    0.4024   -8477.8599  0.4439
   00434    0.4176   -8528.2029  0.4503
   00435    0.4048   -8518.7315  0.4549
   00436    0.4144   -8530.3322  0.4548
   00437    0.4120   -8563.0604  0.4551
   00438    0.4120   -8533.6658  0.4517
   00439    0.4108   -8521.7993  0.4509
   00440    0.4220   -8531.0017  0.4486
   00441    0.3992   -8515.4515  0.4488
   00442    0.4108   -8541.7950  0.4457
   00443    0.4064   -8474.0317  0.4430
   00444    0.4232   -8478.8148  0.4413
   00445    0.4200   -8511.1141  0.4392
   00446    0.3956   -8488.0952  0.4320
   00447    0.4156   -8451.4186  0.4268
   00448    0.3920   -8478.1803  0.4272
   00449    0.4208   -8495.5009  0.4235
   00450    0.4204   -8487.0590  0.4184
   00451    0.4160   -8470.2570  0.4188
   00452    0.4004   -8475.0966  0.4234
   00453    0.4064   -8471.7611  0.4210
   00454    0.4268   -8506.3588  0.4241
   00455    0.4004   -8525.8937  0.4283
   00456    0.4172   -8512.7568  0.4306
   00457    0.4120   -8502.0489  0.4283
   00458    0.3980   -8467.9755  0.4336
   00459    0.4156   -8473.6814  0.4318
   00460    0.4112   -8452.4444  0.4282
   00461    0.4236   -8461.6537  0.4305
   00462    0.4320   -8428.6797  0.4273
   00463    0.4116   -8444.8371  0.4288
   00464    0.4112   -8431.5316  0.4287
   00465    0.4368   -8426.9133  0.4226
   00466    0.4340   -8391.7126  0.4284
   00467    0.4224   -8390.5214  0.4331
   00468    0.4248   -8403.6411  0.4333
   00469    0.4128   -8419.7433  0.4323
   00470    0.3924   -8413.0415  0.4308
   00471    0.4132   -8454.9067  0.4329
   00472    0.4132   -8452.0762  0.4239
   00473    0.4136   -8492.4108  0.4144
   00474    0.3908   -8463.1189  0.4119
   00475    0.4228   -8489.1333  0.4090
   00476    0.4104   -8516.1996  0.4059
   00477    0.4092   -8489.2839  0.4060
   00478    0.4108   -8500.1141  0.4080
   00479    0.4108   -8478.2449  0.4033
   00480    0.3952   -8492.6552  0.3987
   00481    0.4116   -8492.6866  0.4054
   00482    0.4136   -8469.2552  0.4107
   00483    0.4112   -8500.7352  0.4193
   00484    0.4196   -8494.4893  0.4251
   00485    0.4260   -8457.0770  0.4270
   00486    0.4348   -8482.7525  0.4285
   00487    0.4196   -8465.4509  0.4299
   00488    0.4044   -8477.1491  0.4336
   00489    0.4048   -8479.6863  0.4299
   00490    0.4088   -8485.4548  0.4295
   00491    0.4184   -8508.7888  0.4282
   00492    0.4076   -8490.5790  0.4310
   00493    0.4112   -8442.8540  0.4234
   00494    0.4276   -8424.0050  0.4171
   00495    0.4144   -8470.8803  0.4204
   00496    0.4040   -8477.5470  0.4197
   00497    0.4140   -8440.8396  0.4214
   00498    0.4172   -8421.7896  0.4143
   00499    0.4176   -8469.8649  0.4092
   00500    0.4128   -8428.8592  0.4066
