#=====================================================
# File created:        Wed-19-Feb-2025-at-02-58-09PM
# Size of lattice:     50x50
# Number of MC steps:  500
# Reduced temperature: 0.500
# Run time (s):        11.546142
#=====================================================
# MC step:  Ratio:     Energy:   Order:
#=====================================================
   00000    0.5000   -2563.4646  0.2605
   00001    0.6828   -3668.7916  0.2676
   00002    0.6164   -4523.5614  0.2723
   00003    0.5992   -5120.0482  0.2752
   00004    0.5664   -5489.1177  0.2754
   00005    0.5324   -5790.6088  0.2809
   00006    0.5104   -6078.3999  0.2923
   00007    0.5124   -6339.8367  0.2991
   00008    0.5032   -6563.8026  0.2958
   00009    0.4984   -6699.4296  0.3031
   00010    0.4772   -6838.1908  0.3083
   00011    0.4656   -6956.9764  0.3069
   00012    0.4676   -7046.8860  0.3026
   00013    0.4688   -7142.5154  0.3030
   00014    0.4652   -7227.4069  0.3045
   00015    0.4544   -7324.3436  0.3103
   00016    0.4484   -7423.9132  0.3106
   00017    0.4512   -7507.5197  0.3179
   00018    0.4616   -7558.8577  0.3194
   00019    0.4560   -7613.0768  0.3216
   00020    0.4588   -7602.0265  0.3223
   00021    0.4288   -7650.9324  0.3204
   00022    0.4488   -7698.7786  0.3184
   00023    0.4236   -7731.3019  0.3256
   00024    0.4436   -7761.0206  0.3350
   00025    0.4360   -7774.3955  0.3450
   00026    0.4432   -7829.6126  0.3459
   00027    0.4384   -7881.4983  0.3418
   00028    0.4368   -7889.1911  0.3376
   00029    0.4496   -7880.2542  0.3491
   00030    0.4276   -7881.7619  0.3567
   00031    0.4504   -7927.7931  0.3567
   00032    0.4288   -7930.4013  0.3535
   00033    0.4384   -7927.2448  0.3546
   00034    0.4264   -7920.2760  0.3531
   00035    0.4280   -7902.5893  0.3441
   00036    0.4456   -7912.7697  0.3397
   00037    0.4388   -7939.3720  0.3331
   00038    0.4328   -7913.0633  0.3383
   00039    0.4344   -7933.6554  0.3362
   00040    0.4516   -7948.2809  0.3355
   00041    0.4184   -7916.8601  0.3405
   00042    0.4512   -7973.9373  0.3481
   00043    0.4300   -7976.2094  0.3499
   00044    0.4284   -8013.5068  0.3550
   00045    0.4192   -7985.9340  0.3574
   00046    0.4316   -7997.3733  0.3574
   00047    0.4380   -8012.5466  0.3617
   00048    0.4504   -8023.3333  0.3613
   00049    0.4280   -8047.4770  0.3665
   00050    0.4264   -8114.9752  0.3741
   00051    0.4384   -8106.2468  0.3719
   00052    0.4412   -8087.0750  0.3711
   00053    0.4288   -8141.4038  0.3747
   00054    0.4096   -8144.0888  0.3821
   00055    0.4448   -8116.0949  0.3776
   00056    0.4320   -8145.2524  0.3697
   00057    0.4220   -8112.3501  0.3631
   00058    0.4220   -8129.2730  0.3613
   00059    0.4204   -8085.2248  0.3645
   00060    0.4152   -8104.1798  0.3612
   00061    0.4416   -8164.0341  0.3588
   00062    0.4176   -8148.1937  0.3608
   00063    0.4320   -8162.3824  0.3591
   00064    0.4140   -8131.3929  0.3617
   00065    0.4132   -8169.0338  0.3534
   00066    0.4172   -8125.5491  0.3463
   00067    0.4320   -8090.6207  0.3458
   00068    0.4168   -8145.7393  0.3533
   00069    0.4020   -8163.7257  0.3542
   00070    0.4436   -8118.6566  0.3654
   00071    0.4104   -8120.6798  0.3693
   00072    0.4160   -8080.9420  0.3668
   00073    0.4368   -8129.6502  0.3671
   00074    0.4340   -8103.0938  0.3656
   00075    0.4228   -8085.7794  0.3681
   00076    0.4268   -8138.4206  0.3676
   00077    0.4332   -8166.5274  0.3689
   00078    0.4300   -8125.8416  0.3659
   00079    0.4320   -8107.2473  0.3617
   00080    0.4108   -8160.3947  0.3602
   00081    0.4024   -8185.4093  0.3604
   00082    0.4212   -8176.1649  0.3614
   00083    0.4396   -8185.4490  0.3622
   00084    0.4204   -8173.8695  0.3626
   00085    0.4248   -8154.6361  0.3590
   00086    0.4272   -8146.7980  0.3487
   00087    0.4188   -8162.2790  0.3456
   00088    0.4284   -8144.0416  0.3434
   00089    0.4208   -8158.4443  0.3487
   00090    0.4292   -8176.9073  0.3459
   00091    0.4428   -8154.3675  0.3463
   00092    0.4132   -8146.7662  0.3455
   00093    0.4272   -8175.6510  0.3395
   00094    0.4352   -8199.4403  0.3429
   00095    0.4108   -8189.7928  0.3388
   00096    0.4324   -8181.4414  0.3363
   00097    0.4152   -8251.0797  0.3322
   00098    0.4172   -8231.8547  0.3326
   00099    0.4280   -8226.5254  0.3248
   00100    0.4124   -8193.0801  0.3226
   00101    0.4348   -8202.1935  0.3219
   00102    0.4348   -8180.7058  0.3148
   00103    0.4408   -8217.2981  0.3164
   00104    0.4228   -8244.6498  0.3225
   00105    0.4288   -8197.8870  0.3246
   00106    0.4356   -8193.9548  0.3142
   00107    0.4180   -8169.4019  0.3177
   00108    0.4308   -8172.1593  0.3158
   00109    0.4184   -8177.5604  0.3124
   00110    0.4044   -8218.1636  0.3097
   00111    0.4140   -8227.5359  0.3132
   00112    0.4248   -8218.3700  0.3081
   00113    0.4300   -8256.4097  0.3074
   00114    0.4080   -8273.4504  0.3051
   00115    0.4116   -8233.8269  0.3026
   00116    0.4292   -8245.5160  0.2975
   00117    0.4176   -8248.8760  0.2923
   00118    0.4360   -8263.0966  0.2877
   00119    0.4224   -8250.9531  0.2890
   00120    0.4072   -8235.2088  0.2833
   00121    0.4028   -8192.0763  0.2800
   00122    0.4324   -8211.0289  0.2797
   00123    0.4216   -8242.4616  0.2795
   00124    0.4196   -8252.6563  0.2845
   00125    0.4216   -8239.5635  0.2923
   00126    0.4320   -8248.8991  0.2914
   00127    0.4424   -8234.9239  0.2854
   00128    0.4312   -8207.0850  0.2839
   00129    0.4208   -8194.6717  0.2830
   00130    0.4232   -8201.8924  0.2857
   00131    0.4168   -8246.4173  0.2867
   00132    0.4104   -8269.5125  0.2877
   00133    0.4116   -8290.4665  0.2807
   00134    0.4224   -8298.9132  0.2822
   00135    0.4464   -8315.1286  0.2775
   00136    0.4324   -8308.4583  0.2843
   00137    0.4156   -8285.3378  0.2823
   00138    0.4184   -8311.3921  0.2823
   00139    0.4200   -8294.4368  0.2793
   00140    0.4068   -8281.2536  0.2800
   00141    0.3980   -8282.3465  0.2735
   00142    0.4220   -8298.6087  0.2693
   00143    0.4216   -8258.2474  0.2675
   00144    0.4316   -8311.5696  0.2706
   00145    0.4188   -8284.5720  0.2613
   00146    0.4380   -8235.9106  0.2659
   00147    0.4264   -8255.0725  0.2597
   00148    0.4140   -8293.1226  0.2626
   00149    0.3924   -8279.8055  0.2648
   00150    0.4168   -8291.7988  0.2698
   00151    0.4192   -8303.2240  0.2716
   00152    0.4204   -8279.5230  0.2656
   00153    0.4172   -8272.5354  0.2749
   00154    0.4200   -8289.3745  0.2773
   00155    0.4440   -8278.6891  0.2749
   00156    0.4264   -8341.8377  0.2754
   00157    0.4024   -8361.3020  0.2766
   00158    0.4192   -8344.7909  0.2715
   00159    0.4256   -8363.6192  0.2781
   00160    0.4072   -8348.7279  0.2839
   00161    0.4124   -8309.1575  0.2813
   00162    0.4100   -8315.3912  0.2822
   00163    0.4132   -8324.5910  0.2800
   00164    0.4208   -8328.9768  0.2867
   00165    0.4044   -8316.8926  0.2898
   00166    0.4124   -8366.4078  0.2929
   00167    0.4144   -8357.3484  0.2898
   00168    0.4148   -8348.6149  0.2888
   00169    0.4036   -8343.0740  0.2889
   00170    0.4160   -8339.2316  0.2829
   00171    0.4180   -8368.3690  0.2833
   00172    0.3932   -8357.5327  0.2789
   00173    0.4184   -8331.2137  0.2865
   00174    0.4252   -8324.7800  0.2877
   00175    0.4236   -8340.0191  0.2858
   00176    0.4276   -8302.3813  0.2885
   00177    0.4240   -8291.3257  0.2867
   00178    0.4304   -8342.0221  0.2799
   00179    0.4156   -8384.4680  0.2905
   00180    0.4172   -8400.7647  0.2944
   00181    0.4064   -8424.9855  0.2965
   00182    0.4248   -8410.2188  0.2894
   00183    0.3992   -8386.3162  0.2875
   00184    0.4140   -8418.5185  0.2879
   00185    0.4064   -8406.8152  0.2878
   00186    0.4184   -8407.7123  0.2916
   00187    0.4244   -8377.1013  0.2881
   00188    0.4080   -8374.9155  0.2919
   00189    0.4160   -8385.3115  0.2939
   00190    0.4068   -8357.2396  0.2870
   00191    0.4168   -8373.9561  0.2914
   00192    0.4348   -8338.8279  0.3015
   00193    0.4136   -8311.2706  0.3024
   00194    0.4244   -8305.3274  0.3095
   00195    0.4516   -8315.2774  0.3034
   00196    0.4076   -8357.4323  0.2989
   00197    0.4200   -8381.8255  0.2974
   00198    0.4184   -8382.5532  0.2945
   00199    0.4212   -8400.4990  0.2936
   00200    0.3988   -8441.3979  0.2950
   00201    0.4096   -8450.6676  0.2982
   00202    0.4176   -8420.7247  0.2955
   00203    0.4080   -8388.1713  0.2940
   00204    0.4180   -8403.9062  0.2974
   00205    0.4216   -8386.4668  0.3021
   00206    0.4264   -8392.8662  0.2994
   00207    0.4132   -8420.6264  0.2962
   00208    0.4092   -8391.3158  0.2981
   00209    0.4176   -8446.4541  0.2995
   00210    0.3972   -8450.7590  0.3022
   00211    0.3976   -8432.1281  0.3055
   00212    0.4004   -8438.4128  0.3172
   00213    0.4144   -8387.8127  0.3119
   00214    0.4124   -8345.9115  0.3105
   00215    0.4128   -8344.2432  0.3063
   00216    0.4200   -8371.4486  0.3132
   00217    0.4116   -8416.6917  0.3181
   00218    0.4316   -8390.5757  0.3169
   00219    0.4060   -8384.9183  0.3153
   00220    0.4272   -8399.1061  0.3192
   00221    0.4148   -8391.0459  0.3214
   00222    0.4288   -8367.1296  0.3177
   00223    0.4220   -8382.2369  0.3212
   00224    0.3840   -8402.1918  0.3243
   00225    0.4084   -8425.4364  0.3256
   00226    0.4216   -8411.6188  0.3237
   00227    0.4048   -8419.1964  0.3296
   00228    0.4096   -8467.6680  0.3352
   00229    0.3924   -8452.3991  0.3377
   00230    0.4088   -8470.6920  0.3374
   00231    0.4100   -8453.7110  0.3374
   00232    0.4108   -8455.6066  0.3370
   00233    0.4356   -8475.6095  0.3372
   00234    0.3940   -8449.3281  0.3401
   00235    0.4156   -8409.9023  0.3429
   00236    0.4060   -8397.2993  0.3386
   00237    0.4144   -8408.6546  0.3399
   00238    0.4012   -8426.5920  0.3434
   00239    0.4264   -8394.4727  0.3486
   00240    0.4168   -8371.8983  0.3536
   00241    0.4268   -8392.4213  0.3567
   00242    0.4056   -8452.3678  0.3506
   00243    0.4228   -8463.9574  0.3525
   00244    0.4088   -8452.5338  0.3535
   00245    0.4012   -8445.5429  0.3540
   00246    0.4104   -8479.5058  0.3582
   00247    0.4108   -8441.1230  0.3607
   00248    0.4156   -8427.3438  0.3627
   00249    0.4084   -8400.6315  0.3634
   00250    0.4160   -8384.8483  0.3612
   00251    0.4260   -8436.8420  0.3562
   00252    0.4052   -8403.8489  0.3530
   00253    0.4080   -8427.3601  0.3536
   00254    0.4236   -8439.9003  0.3573
   00255    0.4184   -8427.9967  0.3556
   00256    0.4044   -8458.9040  0.3524
   00257    0.4124   -8427.9947  0.3626
   00258    0.4140   -8415.8190  0.3616
   00259    0.4016   -8427.5610  0.3635
   00260    0.4048   -8415.3973  0.3563
   00261    0.4416   -8380.6638  0.3568
   00262    0.4260   -8402.6999  0.3622
   00263    0.4084   -8364.1028  0.3594
   00264    0.3992   -8368.8886  0.3581
   00265    0.4184   -8404.6298  0.3565
   00266    0.4120   -8381.4655  0.3578
   00267    0.4216   -8409.6331  0.3553
   00268    0.4012   -8371.4986  0.3558
   00269    0.4164   -8361.3482  0.3527
   00270    0.4088   -8380.6218  0.3519
   00271    0.4240   -8366.6634  0.3530
   00272    0.4256   -8355.8540  0.3527
   00273    0.4212   -8350.7651  0.3550
   00274    0.4216   -8384.1899  0.3556
   00275    0.4200   -8393.0833  0.3490
   00276    0.4116   -8372.0047  0.3465
   00277    0.4152   -8403.0209  0.3472
   00278    0.4188   -8404.6567  0.3455
   00279    0.4096   -8393.2529  0.3510
   00280    0.4100   -8413.3555  0.3550
   00281    0.4228   -8408.2850  0.3532
   00282    0.4080   -8411.7906  0.3554
   00283    0.4152   -8434.4748  0.3588
   00284    0.4072   -8428.1133  0.3495
   00285    0.4124   -8390.6680  0.3497
   00286    0.4268   -8421.2783  0.3533
   00287    0.4120   -8443.9565  0.3513
   00288    0.4132   -8399.1939  0.3522
   00289    0.4192   -8402.4871  0.3558
   00290    0.3940   -8452.4880  0.3497
   00291    0.4144   -8466.9741  0.3522
   00292    0.4144   -8477.4293  0.3448
   00293    0.4264   -8498.0257  0.3506
   00294    0.4176   -8498.5026  0.3468
   00295    0.4000   -8517.0192  0.3541
   00296    0.4092   -8530.3243  0.3529
   00297    0.4096   -8486.2679  0.3584
   00298    0.4212   -8480.5871  0.3568
   00299    0.4080   -8493.2848  0.3578
   00300    0.4192   -8538.2944  0.3507
   00301    0.4140   -8501.4038  0.3518
   00302    0.4252   -8429.1849  0.3553
   00303    0.4068   -8445.5140  0.3550
   00304    0.4072   -8480.0583  0.3561
   00305    0.3916   -8484.3927  0.3641
   00306    0.4348   -8465.2355  0.3622
   00307    0.4056   -8450.3869  0.3540
   00308    0.4308   -8439.4254  0.3490
   00309    0.4204   -8425.2775  0.3443
   00310    0.3972   -8441.5302  0.3438
   00311    0.4036   -8440.8993  0.3457
   00312    0.4096   -8419.4241  0.3492
   00313    0.4256   -8449.2336  0.3502
   00314    0.4180   -8432.5612  0.3467
   00315    0.4216   -8437.8707  0.3416
   00316    0.4012   -8420.9955  0.3443
   00317    0.4072   -8400.6642  0.3502
   00318    0.4176   -8454.0332  0.3524
   00319    0.4180   -8453.9408  0.3547
   00320    0.4092   -8474.8019  0.3531
   00321    0.4124   -8498.8214  0.3575
   00322    0.4244   -8465.6928  0.3576
   00323    0.4180   -8479.3304  0.3588
   00324    0.4152   -8470.8907  0.3612
   00325    0.4148   -8467.6090  0.3558
   00326    0.4148   -8434.2762  0.3585
   00327    0.4056   -8413.0631  0.3536
   00328    0.4076   -8441.2249  0.3584
   00329    0.4236   -8437.0870  0.3541
   00330    0.4100   -8441.4054  0.3579
   00331    0.4068   -8468.9078  0.3599
   00332    0.4144   -8436.3676  0.3680
   00333    0.4028   -8431.1557  0.3714
   00334    0.4076   -8517.2800  0.3702
   00335    0.4028   -8500.3545  0.3680
   00336    0.4244   -8509.2705  0.3697
   00337    0.4060   -8480.1652  0.3671
   00338    0.4140   -8456.2112  0.3652
   00339    0.4096   -8470.5445  0.3597
   00340    0.4156   -8470.1625  0.3586
   00341    0.3892   -8432.9179  0.3589
   00342    0.4108   -8426.1639  0.3640
   00343    0.4020   -8478.0824  0.3657
   00344    0.4052   -8480.5375  0.3646
   00345    0.4072   -8474.0902  0.3637
   00346    0.4388   -8486.1051  0.3665
   00347    0.4132   -8443.4043  0.3701
   00348    0.4160   -8485.1563  0.3707
   00349    0.4124   -8504.5326  0.3622
   00350    0.4160   -8400.0950  0.3686
   00351    0.4088   -8453.1689  0.3670
   00352    0.4164   -8436.2712  0.3706
   00353    0.4156   -8486.1652  0.3681
   00354    0.4148   -8474.9158  0.3621
   00355    0.4132   -8530.6693  0.3718
   00356    0.4152   -8458.1084  0.3694
   00357    0.4196   -8417.9391  0.3691
   00358    0.3880   -8445.2570  0.3709
   00359    0.4332   -8506.0776  0.3715
   00360    0.4144   -8496.4093  0.3733
   00361    0.4040   -8488.6501  0.3827
   00362    0.4036   -8489.6181  0.3838
   00363    0.4056   -8496.2218  0.3846
   00364    0.4096   -8473.5326  0.3814
   00365    0.4072   -8557.3216  0.3850
   00366    0.4024   -8545.2204  0.3802
   00367    0.4228   -8567.8752  0.3785
   00368    0.4184   -8546.6925  0.3822
   00369    0.4248   -8521.1184  0.3770
   00370    0.4172   -8469.0026  0.3782
   00371    0.4120   -8455.1868  0.3755
   00372    0.4188   -8514.8479  0.3827
   00373    0.3988   -8500.5278  0.3800
   00374    0.4196   -8481.5890  0.3811
   00375    0.4260   -8486.7850  0.3800
   00376    0.4012   -8516.8160  0.3724
   00377    0.4316   -8507.4975  0.3760
   00378    0.4028   -8560.8254  0.3717
   00379    0.4196   -8544.9358  0.3736
   00380    0.4132   -8541.1753  0.3780
   00381    0.4256   -8536.8331  0.3678
   00382    0.4004   -8524.8623  0.3699
   00383    0.4056   -8541.7212  0.3680
   00384    0.4064   -8565.0010  0.3687
   00385    0.4172   -8563.7590  0.3735
   00386    0.4056   -8474.1754  0.3750
   00387    0.4076   -8490.7766  0.3854
   00388    0.4124   -8502.8767  0.3883
   00389    0.4104   -8490.8610  0.3848
   00390    0.4152   -8548.2797  0.3806
   00391    0.4268   -8524.9254  0.3867
   00392    0.4176   -8505.7339  0.3826
   00393    0.4116   -8495.6688  0.3848
   00394    0.4112   -8503.9937  0.3847
   00395    0.4196   -8532.7620  0.3812
   00396    0.4096   -8516.2538  0.3799
   00397    0.4220   -8521.6894  0.3745
   00398    0.4136   -8505.4049  0.3730
   00399    0.4200   -8557.6114  0.3786
   00400    0.4288   -8564.4451  0.3809
   00401    0.4132   -8556.1810  0.3740
   00402    0.4136   -8538.1258  0.3758
   00403    0.4088   -8514.5860  0.3792
   00404    0.4232   -8514.4609  0.3764
   00405    0.4120   -8537.7279  0.3759
   00406    0.4020   -8571.1969  0.3767
   00407    0.3988   -8575.3450  0.3766
   00408    0.4124   -8552.5192  0.3666
   00409    0.3988   -8526.7691  0.3733
   00410    0.4060   -8534.7199  0.3706
   00411    0.4196   -8541.9728  0.3651
   00412    0.3944   -8518.0882  0.3629
   00413    0.4112   -8513.5480  0.3692
   00414    0.4136   -8488.2449  0.3639
   00415    0.4052   -8448.3683  0.3600
   00416    0.4184   -8471.9060  0.3663
   00417    0.4000   -8519.6125  0.3689
   00418    0.4044   -8553.5983  0.3668
   00419    0.4008   -8501.7864  0.3590
   00420    0.4212   -8507.1281  0.3571
   00421    0.4108   -8519.8323  0.3540
   00422    0.4024   -8482.3967  0.3483
   00423    0.4152   -8468.4124  0.3477
   00424    0.4236   -8493.1773  0.3457
   00425    0.4000   -8510.6952  0.3489
   00426    0.4160   -8495.6169  0.3511
   00427    0.4208   -8518.8159  0.3491
   00428    0.4244   -8506.7771  0.3494
   00429    0.4152   -8505.7720  0.3414
   00430    0.4168   -8530.7453  0.3390
   00431    0.4204   -8574.6338  0.3437
   00432    0.4184   -8570.1357  0.3402
   00433    0.3952   -8547.0548  0.3386
   00434    0.4072   -8526.5019  0.3287
   00435    0.4076   -8497.5806  0.3249
   00436    0.4196   -8451.5678  0.3241
   00437    0.4132   -8470.5147  0.3212
   00438    0.4072   -8507.9738  0.3161
   00439    0.4044   -8535.6878  0.3213
   00440    0.3984   -8499.5800  0.3231
   00441    0.4072   -8521.2097  0.3265
   00442    0.4060   -8511.3233  0.3303
   00443    0.4244   -8530.7397  0.3263
   00444    0.3980   -8513.2366  0.3191
   00445    0.4012   -8500.9363  0.3210
   00446    0.4168   -8460.1856  0.3227
   00447    0.4060   -8445.4445  0.3230
   00448    0.4204   -8481.6442  0.3250
   00449    0.4040   -8551.4475  0.3218
   00450    0.4188   -8554.9778  0.3220
   00451    0.4124   -8530.6169  0.3239
   00452    0.4036   -8519.5385  0.3214
   00453    0.4200   -8511.5517  0.3295
   00454    0.4016   -8509.7122  0.3287
   00455    0.4060   -8514.8429  0.3316
   00456    0.4088   -8490.8526  0.3361
   00457    0.4104   -8523.6810  0.3387
   00458    0.4112   -8533.7810  0.3386
   00459    0.4212   -8493.8224  0.3412
   00460    0.4048   -8483.9425  0.3409
   00461    0.4264   -8510.7458  0.3337
   00462    0.4060   -8498.2843  0.3336
   00463    0.4208   -8506.5423  0.3349
   00464    0.4064   -8537.6324  0.3441
   00465    0.4280   -8564.2685  0.3501
   00466    0.4020   -8518.0215  0.3547
   00467    0.4064   -8520.3118  0.3514
   00468    0.4300   -8510.1612  0.3501
   00469    0.4352   -8512.7720  0.3455
   00470    0.4200   -8487.7632  0.3447
   00471    0.4172   -8478.0581  0.3466
   00472    0.3872   -8492.6573  0.3446
   00473    0.4128   -8495.0949  0.3443
   00474    0.4004   -8503.0466  0.3401
   00475    0.3960   -8531.5354  0.3402
   00476    0.3992   -8521.3777  0.3361
   00477    0.4088   -8532.3970  0.3344
   00478    0.4036   -8508.0467  0.3406
   00479    0.4084   -8511.7086  0.3418
   00480    0.4036   -8439.1300  0.3433
   00481    0.4104   -8462.1686  0.3437
   00482    0.3988   -8484.0457  0.3428
   00483    0.3908   -8526.3129  0.3471
   00484    0.4168   -8529.5911  0.3470
   00485    0.4192   -8537.0058  0.3495
   00486    0.4100   -8535.6122  0.3482
   00487    0.4052   -8551.5339  0.3518
   00488    0.4060   -8527.9711  0.3506
   00489    0.4260   -8544.3481  0.3472
   00490    0.4080   -8568.3932  0.3515
   00491    0.4124   -8561.0432  0.3487
   00492    0.4176   -8524.1578  0.3485
   00493    0.4120   -8520.2575  0.3498
   00494    0.4088   -8516.0909  0.3511
   00495    0.4144   -8484.3961  0.3534
   00496    0.4164   -8540.0086  0.3637
   00497    0.4112   -8544.4260  0.3650
   00498    0.4016   -8589.3090  0.3716
   00499    0.3988   -8563.3696  0.3679
   00500    0.3872   -8548.9731  0.3683
