#=====================================================
# File created:        Thu-20-Feb-2025-at-09-32-49PM
# Size of lattice:     50x50
# Number of MC steps:  500
# Reduced temperature: 0.500
# Run time (s):        4.449055
#=====================================================
# MC step:  Ratio:     Energy:   Order:
#=====================================================
   00000    0.5000   -2341.6820  0.2726
   00001    0.6968   -3694.7536  0.2753
   00002    0.6384   -4517.7088  0.2789
   00003    0.5852   -5141.6952  0.2927
   00004    0.5500   -5529.5669  0.3031
   00005    0.5456   -5852.3830  0.3127
   00006    0.5088   -6079.7660  0.3167
   00007    0.5088   -6331.1316  0.3284
   00008    0.4980   -6506.6672  0.3360
   00009    0.4956   -6741.7528  0.3375
   00010    0.4488   -6897.1394  0.3449
   00011    0.4912   -7042.2857  0.3550
   00012    0.4616   -7203.1696  0.3693
   00013    0.4704   -7236.6145  0.3703
   00014    0.4688   -7307.7325  0.3764
   00015    0.4524   -7393.2403  0.3792
   00016    0.4632   -7468.8460  0.3824
   00017    0.4280   -7510.9868  0.3753
   00018    0.4404   -7564.7331  0.3773
   00019    0.4584   -7585.5059  0.3743
   00020    0.4420   -7610.9595  0.3689
   00021    0.4332   -7632.7442  0.3679
   00022    0.4528   -7671.5615  0.3727
   00023    0.4540   -7752.0000  0.3760
   00024    0.4588   -7775.1292  0.3814
   00025    0.4304   -7783.9351  0.3855
   00026    0.4364   -7828.2123  0.3876
   00027    0.4412   -7902.5543  0.3868
   00028    0.4320   -7943.4618  0.3926
   00029    0.4304   -7958.1515  0.3959
   00030    0.4448   -7990.1512  0.3973
   00031    0.4240   -8009.8229  0.3908
   00032    0.4452   -7964.3978  0.3981
   00033    0.4208   -7970.7060  0.4037
   00034    0.4348   -7957.3677  0.4005
   00035    0.4304   -7990.1833  0.4078
   00036    0.4324   -8027.8015  0.4151
   00037    0.4304   -7994.0289  0.4193
   00038    0.4164   -8008.5296  0.4207
   00039    0.4120   -7971.5659  0.4180
   00040    0.4344   -7996.1136  0.4228
   00041    0.4212   -8037.1812  0.4271
   00042    0.4256   -8074.9151  0.4285
   00043    0.4212   -8101.6559  0.4296
   00044    0.4408   -8090.6482  0.4303
   00045    0.4208   -8070.5908  0.4311
   00046    0.4224   -8087.5338  0.4280
   00047    0.4376   -8127.5403  0.4343
   00048    0.4224   -8140.0293  0.4392
   00049    0.4240   -8176.7043  0.4408
   00050    0.4168   -8163.9539  0.4417
   00051    0.4256   -8161.8651  0.4487
   00052    0.4240   -8143.9674  0.4423
   00053    0.4320   -8116.8344  0.4408
   00054    0.4160   -8154.4791  0.4391
   00055    0.4144   -8198.5520  0.4428
   00056    0.4232   -8195.8440  0.4407
   00057    0.4420   -8196.8833  0.4387
   00058    0.4368   -8193.2561  0.4445
   00059    0.4168   -8182.3097  0.4495
   00060    0.4448   -8170.5743  0.4450
   00061    0.4116   -8156.0730  0.4418
   00062    0.4404   -8149.5993  0.4432
   00063    0.4264   -8136.9750  0.4482
   00064    0.4212   -8194.9004  0.4576
   00065    0.4156   -8204.4978  0.4531
   00066    0.4052   -8199.1552  0.4556
   00067    0.4220   -8201.9880  0.4581
   00068    0.4272   -8234.0320  0.4591
   00069    0.4332   -8227.1921  0.4591
   00070    0.4204   -8184.1854  0.4623
   00071    0.4228   -8193.8601  0.4578
   00072    0.4248   -8216.2784  0.4623
   00073    0.4176   -8178.0081  0.4606
   00074    0.4016   -8172.6744  0.4646
   00075    0.4328   -8180.4782  0.4679
   00076    0.4228   -8195.8660  0.4707
   00077    0.4132   -8165.5407  0.4653
   00078    0.4208   -8174.7352  0.4669
   00079    0.4288   -8220.9729  0.4749
   00080    0.4340   -8210.0153  0.4766
   00081    0.4192   -8275.9869  0.4693
   00082    0.4128   -8250.1912  0.4701
   00083    0.4152   -8278.1215  0.4704
   00084    0.4340   -8227.2885  0.4644
   00085    0.4360   -8242.5008  0.4655
   00086    0.4228   -8287.6584  0.4649
   00087    0.4152   -8308.5317  0.4704
   00088    0.4084   -8329.4640  0.4714
   00089    0.4148   -8327.7246  0.4661
   00090    0.4256   -8298.6205  0.4665
   00091    0.4224   -8367.0290  0.4697
   00092    0.4176   -8371.8420  0.4676
   00093    0.3992   -8361.1514  0.4721
   00094    0.4192   -8305.4152  0.4741
   00095    0.4152   -8326.4294  0.4738
   00096    0.4124   -8340.4982  0.4718
   00097    0.4152   -8320.9358  0.4709
   00098    0.4260   -8342.9405  0.4731
   00099    0.4256   -8321.3074  0.4761
   00100    0.4108   -8301.5409  0.4723
   00101    0.4096   -8278.0030  0.4700
   00102    0.4108   -8314.3005  0.4778
   00103    0.4296   -8308.0681  0.4826
   00104    0.4200   -8343.8691  0.4841
   00105    0.4176   -8341.5742  0.4828
   00106    0.4244   -8360.3648  0.4887
   00107    0.4136   -8317.9003  0.4852
   00108    0.4412   -8315.9989  0.4832
   00109    0.4160   -8313.1497  0.4917
   00110    0.4112   -8314.0594  0.4917
   00111    0.4172   -8316.7232  0.4959
   00112    0.4064   -8318.8895  0.4962
   00113    0.4292   -8367.5938  0.5070
   00114    0.4128   -8378.8866  0.5037
   00115    0.4212   -8322.0112  0.4990
   00116    0.4348   -8339.4562  0.5079
   00117    0.4020   -8317.8777  0.5005
   00118    0.4284   -8339.7232  0.5000
   00119    0.4248   -8346.6026  0.5000
   00120    0.3940   -8331.5077  0.4982
   00121    0.4056   -8364.8789  0.5028
   00122    0.4136   -8361.3327  0.5036
   00123    0.4316   -8332.4593  0.4989
   00124    0.4144   -8335.6590  0.5048
   00125    0.4320   -8319.8256  0.5062
   00126    0.4204   -8370.4776  0.5130
   00127    0.4172   -8349.1616  0.5140
   00128    0.4004   -8382.2949  0.5152
   00129    0.4080   -8348.6458  0.5106
   00130    0.4204   -8301.2370  0.5145
   00131    0.4064   -8320.8639  0.5170
   00132    0.4072   -8302.9949  0.5162
   00133    0.4336   -8273.0724  0.5123
   00134    0.4232   -8321.0371  0.5178
   00135    0.4288   -8338.9309  0.5189
   00136    0.4068   -8308.4899  0.5222
   00137    0.4164   -8270.1154  0.5263
   00138    0.4076   -8301.7983  0.5269
   00139    0.4288   -8346.5635  0.5370
   00140    0.4216   -8429.1072  0.5347
   00141    0.4144   -8415.8040  0.5346
   00142    0.3996   -8391.4262  0.5378
   00143    0.4052   -8410.1566  0.5397
   00144    0.4236   -8464.9470  0.5400
   00145    0.4232   -8439.2756  0.5331
   00146    0.4096   -8439.9551  0.5344
   00147    0.4120   -8446.0062  0.5418
   00148    0.4288   -8443.3899  0.5424
   00149    0.4036   -8429.9950  0.5473
   00150    0.4260   -8427.0839  0.5457
   00151    0.4296   -8414.5138  0.5415
   00152    0.4048   -8417.4922  0.5434
   00153    0.4236   -8444.2697  0.5461
   00154    0.4152   -8483.7532  0.5514
   00155    0.4164   -8471.3760  0.5547
   00156    0.3928   -8480.2035  0.5586
   00157    0.4148   -8432.0269  0.5564
   00158    0.4144   -8419.7130  0.5538
   00159    0.4172   -8414.1383  0.5523
   00160    0.4252   -8389.2898  0.5502
   00161    0.4132   -8371.7675  0.5523
   00162    0.4204   -8417.5577  0.5516
   00163    0.3960   -8413.6336  0.5494
   00164    0.4064   -8410.9042  0.5524
   00165    0.4096   -8472.6555  0.5549
   00166    0.4012   -8451.3863  0.5563
   00167    0.4068   -8462.5726  0.5591
   00168    0.4116   -8489.4001  0.5621
   00169    0.4124   -8426.1952  0.5639
   00170    0.4184   -8421.4386  0.5634
   00171    0.4156   -8413.7127  0.5578
   00172    0.4276   -8399.7516  0.5569
   00173    0.4272   -8439.3237  0.5583
   00174    0.4068   -8410.7084  0.5553
   00175    0.4304   -8427.9810  0.5583
   00176    0.4144   -8452.2247  0.5582
   00177    0.4116   -8451.1557  0.5648
   00178    0.4216   -8443.3874  0.5607
   00179    0.4060   -8426.1446  0.5606
   00180    0.4140   -8475.9437  0.5653
   00181    0.4224   -8475.1076  0.5697
   00182    0.4012   -8503.6619  0.5714
   00183    0.4064   -8530.5179  0.5762
   00184    0.4208   -8514.6367  0.5770
   00185    0.4064   -8527.1800  0.5795
   00186    0.4104   -8534.2181  0.5814
   00187    0.4228   -8546.4881  0.5840
   00188    0.4032   -8519.7463  0.5805
   00189    0.4136   -8516.3946  0.5791
   00190    0.4072   -8479.0250  0.5722
   00191    0.4004   -8470.4930  0.5695
   00192    0.4200   -8424.0449  0.5688
   00193    0.4188   -8456.7331  0.5740
   00194    0.4112   -8448.1326  0.5732
   00195    0.4152   -8505.4598  0.5737
   00196    0.3956   -8517.8907  0.5727
   00197    0.4004   -8490.4553  0.5723
   00198    0.4100   -8499.5599  0.5722
   00199    0.4028   -8528.7763  0.5756
   00200    0.4228   -8528.1861  0.5737
   00201    0.4004   -8562.4161  0.5757
   00202    0.3996   -8557.9627  0.5728
   00203    0.4044   -8534.8213  0.5666
   00204    0.3956   -8518.4100  0.5689
   00205    0.4180   -8489.6742  0.5717
   00206    0.4244   -8505.6563  0.5717
   00207    0.3908   -8521.2256  0.5805
   00208    0.4128   -8454.9019  0.5818
   00209    0.4084   -8472.4392  0.5857
   00210    0.4028   -8481.6075  0.5821
   00211    0.3932   -8512.5273  0.5804
   00212    0.3996   -8515.6630  0.5886
   00213    0.4064   -8489.4984  0.5895
   00214    0.3840   -8473.8385  0.5831
   00215    0.3960   -8466.2689  0.5884
   00216    0.4100   -8471.3934  0.5841
   00217    0.4304   -8466.5856  0.5839
   00218    0.4068   -8462.0014  0.5830
   00219    0.3944   -8444.6872  0.5823
   00220    0.4216   -8429.7149  0.5804
   00221    0.4204   -8417.3587  0.5796
   00222    0.4180   -8451.3066  0.5744
   00223    0.4276   -8451.6379  0.5771
   00224    0.3964   -8475.1930  0.5805
   00225    0.4056   -8441.9333  0.5800
   00226    0.4228   -8454.8167  0.5770
   00227    0.4100   -8451.9947  0.5798
   00228    0.4016   -8469.4229  0.5829
   00229    0.4284   -8427.2849  0.5847
   00230    0.4016   -8439.0124  0.5871
   00231    0.4096   -8465.1669  0.5924
   00232    0.4028   -8414.6723  0.5925
   00233    0.4268   -8444.6638  0.5944
   00234    0.4076   -8443.4811  0.5945
   00235    0.4056   -8478.2534  0.5978
   00236    0.4324   -8525.4074  0.5993
   00237    0.4412   -8512.3583  0.6058
   00238    0.4020   -8515.4831  0.6073
   00239    0.4192   -8495.0518  0.6051
   00240    0.4204   -8503.4506  0.6057
   00241    0.4276   -8516.9218  0.6125
   00242    0.4172   -8548.4608  0.6167
   00243    0.4060   -8532.7102  0.6184
   00244    0.4220   -8497.3062  0.6182
   00245    0.4212   -8510.8335  0.6186
   00246    0.4132   -8496.8963  0.6221
   00247    0.4068   -8489.8317  0.6276
   00248    0.4184   -8483.0853  0.6231
   00249    0.4100   -8538.0116  0.6210
   00250    0.4060   -8544.6589  0.6224
   00251    0.3992   -8525.8203  0.6156
   00252    0.4232   -8507.0899  0.6191
   00253    0.4088   -8520.2559  0.6186
   00254    0.4168   -8506.1432  0.6206
   00255    0.4092   -8514.0285  0.6183
   00256    0.3920   -8535.8472  0.6152
   00257    0.4152   -8526.4156  0.6182
   00258    0.4084   -8528.2744  0.6192
   00259    0.4252   -8529.2648  0.6157
   00260    0.4100   -8568.7094  0.6117
   00261    0.4004   -8525.7202  0.6060
   00262    0.3992   -8491.0009  0.6086
   00263    0.4176   -8503.5574  0.6077
   00264    0.4016   -8501.5877  0.6054
   00265    0.4104   -8524.9044  0.6043
   00266    0.4100   -8493.2849  0.5966
   00267    0.4152   -8535.2400  0.5938
   00268    0.4300   -8515.0499  0.5930
   00269    0.4076   -8496.8355  0.5957
   00270    0.4208   -8461.2061  0.5884
   00271    0.3928   -8458.4533  0.5895
   00272    0.4076   -8491.7808  0.5879
   00273    0.4240   -8480.1676  0.5896
   00274    0.4268   -8517.4321  0.5894
   00275    0.4048   -8502.2576  0.5930
   00276    0.4116   -8526.4377  0.5959
   00277    0.3964   -8471.9378  0.5930
   00278    0.4084   -8476.1531  0.5914
   00279    0.4244   -8447.8497  0.5848
   00280    0.3984   -8431.6615  0.5871
   00281    0.4092   -8443.3377  0.5836
   00282    0.4212   -8465.5687  0.5842
   00283    0.4156   -8443.5842  0.5845
   00284    0.4116   -8443.5727  0.5885
   00285    0.4212   -8440.3658  0.5868
   00286    0.4144   -8460.7924  0.5819
   00287    0.4140   -8463.5969  0.5828
   00288    0.3952   -8480.5349  0.5772
   00289    0.4072   -8503.8002  0.5819
   00290    0.4048   -8571.3186  0.5862
   00291    0.3972   -8551.4001  0.5869
   00292    0.4048   -8575.5963  0.5830
   00293    0.4008   -8568.8569  0.5841
   00294    0.3976   -8566.2170  0.5877
   00295    0.4088   -8530.7558  0.5880
   00296    0.4256   -8557.0999  0.5893
   00297    0.4076   -8521.2723  0.5892
   00298    0.4256   -8537.9309  0.5931
   00299    0.4056   -8501.2855  0.5937
   00300    0.4092   -8506.9659  0.6019
   00301    0.4140   -8525.5241  0.6028
   00302    0.4156   -8533.6385  0.6067
   00303    0.4076   -8492.4892  0.6044
   00304    0.4096   -8492.4841  0.6077
   00305    0.4136   -8510.8156  0.6109
   00306    0.4100   -8480.4900  0.6130
   00307    0.3920   -8475.6127  0.6097
   00308    0.4272   -8466.4030  0.6106
   00309    0.4016   -8476.6534  0.6112
   00310    0.4136   -8474.0871  0.6127
   00311    0.4168   -8516.7052  0.6165
   00312    0.4144   -8499.2757  0.6107
   00313    0.4024   -8521.9339  0.6141
   00314    0.4176   -8513.4254  0.6161
   00315    0.3952   -8521.1401  0.6173
   00316    0.3924   -8549.3503  0.6182
   00317    0.4200   -8532.0798  0.6244
   00318    0.4120   -8522.5515  0.6232
   00319    0.4240   -8536.9846  0.6200
   00320    0.4060   -8563.5640  0.6142
   00321    0.4188   -8537.7077  0.6118
   00322    0.4112   -8547.9157  0.6148
   00323    0.4316   -8534.8568  0.6194
   00324    0.4280   -8521.1793  0.6171
   00325    0.4224   -8535.6736  0.6120
   00326    0.3968   -8524.1082  0.6127
   00327    0.4192   -8487.9312  0.6050
   00328    0.4088   -8495.1042  0.6099
   00329    0.3996   -8453.7199  0.6156
   00330    0.3996   -8489.1162  0.6163
   00331    0.3936   -8525.0767  0.6145
   00332    0.4032   -8477.4016  0.6037
   00333    0.4228   -8490.4649  0.6017
   00334    0.4084   -8502.6232  0.6040
   00335    0.4092   -8493.4218  0.6073
   00336    0.4244   -8496.5347  0.6064
   00337    0.4100   -8516.5218  0.6035
   00338    0.3880   -8562.3996  0.6043
   00339    0.4100   -8553.5711  0.6062
   00340    0.4200   -8525.9817  0.6066
   00341    0.4000   -8531.7461  0.6135
   00342    0.4072   -8556.3946  0.6066
   00343    0.4012   -8570.0288  0.6097
   00344    0.4160   -8547.1550  0.6078
   00345    0.4108   -8491.4579  0.6124
   00346    0.4196   -8484.3579  0.6135
   00347    0.4052   -8436.8064  0.6106
   00348    0.4228   -8429.7406  0.6118
   00349    0.4096   -8470.2819  0.6058
   00350    0.4100   -8460.6660  0.6080
   00351    0.4132   -8489.2477  0.6140
   00352    0.4060   -8518.6305  0.6110
   00353    0.4084   -8476.0524  0.6055
   00354    0.4216   -8460.3525  0.6067
   00355    0.4148   -8448.9450  0.6068
   00356    0.4212   -8438.0067  0.6053
   00357    0.4164   -8469.0645  0.6086
   00358    0.4268   -8465.3055  0.6104
   00359    0.4108   -8437.9093  0.6063
   00360    0.4116   -8438.7793  0.6065
   00361    0.4148   -8439.3306  0.6083
   00362    0.4220   -8457.9207  0.6111
   00363    0.4128   -8494.0587  0.6110
   00364    0.4220   -8498.0675  0.6117
   00365    0.4260   -8455.3702  0.6086
   00366    0.4116   -8487.7018  0.6049
   00367    0.4224   -8457.6052  0.5998
   00368    0.4120   -8460.0967  0.5994
   00369    0.4200   -8412.1594  0.5999
   00370    0.4212   -8421.4726  0.5985
   00371    0.4128   -8428.4825  0.6062
   00372    0.4096   -8383.6002  0.6055
   00373    0.4104   -8464.6805  0.6135
   00374    0.4152   -8395.6599  0.6134
   00375    0.3884   -8475.6979  0.6203
   00376    0.4032   -8487.0377  0.6185
   00377    0.4164   -8469.7141  0.6171
   00378    0.4008   -8500.1713  0.6162
   00379    0.4200   -8463.7012  0.6148
   00380    0.4116   -8425.8454  0.6158
   00381    0.4084   -8437.3408  0.6136
   00382    0.4192   -8447.8081  0.6157
   00383    0.4084   -8488.9230  0.6086
   00384    0.4036   -8510.8785  0.6145
   00385    0.4140   -8478.4709  0.6156
   00386    0.4060   -8445.6283  0.6173
   00387    0.4224   -8491.3419  0.6215
   00388    0.4100   -8457.4708  0.6225
   00389    0.4176   -8477.0012  0.6175
   00390    0.4240   -8490.9188  0.6208
   00391    0.4116   -8533.7032  0.6182
   00392    0.4188   -8560.6404  0.6187
   00393    0.3916   -8559.7984  0.6139
   00394    0.3996   -8566.9850  0.6160
   00395    0.3972   -8602.1905  0.6200
   00396    0.4064   -8584.7405  0.6156
   00397    0.4060   -8564.6954  0.6165
   00398    0.4068   -8522.8086  0.6182
   00399    0.4008   -8533.9384  0.6126
   00400    0.4100   -8539.7382  0.6123
   00401    0.4040   -8521.8782  0.6122
   00402    0.4120   -8492.1329  0.6054
   00403    0.3884   -8523.3815  0.6063
   00404    0.4180   -8510.6692  0.6078
   00405    0.4116   -8500.0277  0.6097
   00406    0.4044   -8530.7016  0.6127
   00407    0.4280   -8516.0207  0.6117
   00408    0.4024   -8524.9852  0.6113
   00409    0.4056   -8550.0052  0.6085
   00410    0.3984   -8527.0852  0.6050
   00411    0.4032   -8526.3977  0.6107
   00412    0.4108   -8509.9375  0.6115
   00413    0.4040   -8530.9005  0.6159
   00414    0.4092   -8511.7533  0.6196
   00415    0.4196   -8537.5031  0.6130
   00416    0.4088   -8525.5031  0.6091
   00417    0.4240   -8536.2869  0.6136
   00418    0.4088   -8530.7454  0.6174
   00419    0.4164   -8557.8486  0.6169
   00420    0.4124   -8514.1179  0.6135
   00421    0.4152   -8529.2463  0.6138
   00422    0.4124   -8490.0495  0.6116
   00423    0.4300   -8531.2885  0.6070
   00424    0.4140   -8521.4485  0.6060
   00425    0.4120   -8498.8833  0.6042
   00426    0.4188   -8528.4429  0.6048
   00427    0.4024   -8522.2218  0.6066
   00428    0.4104   -8519.4734  0.6053
   00429    0.4036   -8533.3870  0.6028
   00430    0.4116   -8493.9644  0.6005
   00431    0.4020   -8513.0471  0.6032
   00432    0.4008   -8534.8165  0.6090
   00433    0.4140   -8511.6772  0.6091
   00434    0.4104   -8533.1562  0.6128
   00435    0.4100   -8497.4131  0.6107
   00436    0.4028   -8509.8409  0.6122
   00437    0.4112   -8505.3848  0.6139
   00438    0.4068   -8501.0700  0.6168
   00439    0.3976   -8560.1230  0.6136
   00440    0.4032   -8542.8754  0.6174
   00441    0.4108   -8536.3667  0.6179
   00442    0.4204   -8567.6077  0.6251
   00443    0.3968   -8585.0067  0.6225
   00444    0.4004   -8574.6503  0.6160
   00445    0.4176   -8565.1372  0.6141
   00446    0.4140   -8570.3885  0.6086
   00447    0.3920   -8539.0054  0.6150
   00448    0.4320   -8483.0187  0.6126
   00449    0.4044   -8510.7987  0.6155
   00450    0.4200   -8496.1956  0.6126
   00451    0.4228   -8544.7968  0.6142
   00452    0.4032   -8523.1659  0.6124
   00453    0.4108   -8502.3027  0.6159
   00454    0.4160   -8552.9247  0.6194
   00455    0.4096   -8556.9832  0.6240
   00456    0.4260   -8541.3227  0.6245
   00457    0.4172   -8524.3844  0.6283
   00458    0.4124   -8487.7579  0.6254
   00459    0.4268   -8461.7536  0.6224
   00460    0.4236   -8491.3811  0.6266
   00461    0.4176   -8504.3152  0.6217
   00462    0.4264   -8485.2910  0.6186
   00463    0.4352   -8517.4120  0.6185
   00464    0.4092   -8514.6413  0.6180
   00465    0.3980   -8504.5366  0.6185
   00466    0.4144   -8494.3636  0.6198
   00467    0.4188   -8486.8854  0.6234
   00468    0.4212   -8485.4910  0.6212
   00469    0.4200   -8548.7769  0.6314
   00470    0.3980   -8584.2505  0.6330
   00471    0.4120   -8537.1366  0.6317
   00472    0.3760   -8539.9395  0.6323
   00473    0.4076   -8578.5795  0.6377
   00474    0.4016   -8551.6686  0.6378
   00475    0.4056   -8533.5930  0.6321
   00476    0.4036   -8554.6850  0.6337
   00477    0.4192   -8514.7861  0.6311
   00478    0.4212   -8499.3388  0.6349
   00479    0.4036   -8495.1150  0.6347
   00480    0.4160   -8461.4922  0.6340
   00481    0.4240   -8440.5472  0.6322
   00482    0.4208   -8438.9370  0.6392
   00483    0.4188   -8477.0736  0.6391
   00484    0.3988   -8471.1841  0.6389
   00485    0.4000   -8449.9172  0.6381
   00486    0.4204   -8442.7093  0.6341
   00487    0.4084   -8468.6362  0.6362
   00488    0.4132   -8470.2913  0.6401
   00489    0.4080   -8490.6889  0.6405
   00490    0.4280   -8519.7860  0.6415
   00491    0.4188   -8514.8872  0.6403
   00492    0.3932   -8543.8767  0.6403
   00493    0.4280   -8539.3286  0.6417
   00494    0.4164   -8530.3251  0.6398
   00495    0.4244   -8534.2259  0.6431
   00496    0.3996   -8533.1618  0.6459
   00497    0.4172   -8558.4174  0.6424
   00498    0.4060   -8571.2597  0.6439
   00499    0.4184   -8606.7013  0.6429
   00500    0.4236   -8578.4949  0.6376
