#=====================================================
# File created:        Thu-20-Feb-2025-at-09-46-36PM
# Size of lattice:     50x50
# Number of MC steps:  500
# Reduced temperature: 0.500
# Run time (s):        4.619517
#=====================================================
# MC step:  Ratio:     Energy:   Order:
#=====================================================
   00000    0.5000   -2454.0302  0.2596
   00001    0.6636   -3730.0318  0.2559
   00002    0.6284   -4550.2029  0.2601
   00003    0.6112   -5145.7043  0.2666
   00004    0.5364   -5468.9308  0.2642
   00005    0.5492   -5811.1422  0.2698
   00006    0.5308   -6077.4491  0.2615
   00007    0.4936   -6404.4041  0.2702
   00008    0.5028   -6585.3586  0.2700
   00009    0.4744   -6739.5962  0.2641
   00010    0.4704   -6879.5649  0.2625
   00011    0.4756   -6976.0523  0.2681
   00012    0.4776   -7116.8308  0.2710
   00013    0.4788   -7209.0002  0.2665
   00014    0.4524   -7334.8010  0.2674
   00015    0.4600   -7414.0734  0.2753
   00016    0.4488   -7419.5776  0.2765
   00017    0.4544   -7470.4421  0.2749
   00018    0.4592   -7572.7539  0.2704
   00019    0.4444   -7608.9349  0.2682
   00020    0.4612   -7691.8150  0.2759
   00021    0.4408   -7721.9731  0.2782
   00022    0.4392   -7762.9136  0.2733
   00023    0.4424   -7724.9742  0.2800
   00024    0.4264   -7776.1380  0.2801
   00025    0.4452   -7830.0501  0.2792
   00026    0.4280   -7823.1469  0.2759
   00027    0.4252   -7825.1016  0.2831
   00028    0.4468   -7860.9817  0.2804
   00029    0.4228   -7904.1162  0.2815
   00030    0.4280   -7926.4327  0.2741
   00031    0.4316   -7980.5605  0.2818
   00032    0.4324   -7962.8654  0.2801
   00033    0.4260   -8004.9468  0.2757
   00034    0.4220   -8037.3986  0.2766
   00035    0.4044   -8069.6606  0.2790
   00036    0.4420   -8024.5438  0.2832
   00037    0.4336   -8031.8954  0.2797
   00038    0.4280   -8042.6181  0.2775
   00039    0.4304   -8082.3848  0.2799
   00040    0.4200   -8086.7924  0.2843
   00041    0.4252   -8071.8321  0.2793
   00042    0.4320   -8059.2786  0.2769
   00043    0.4312   -8065.1262  0.2748
   00044    0.4504   -8106.0250  0.2742
   00045    0.4044   -8131.4752  0.2790
   00046    0.4356   -8120.6426  0.2787
   00047    0.4328   -8133.4612  0.2753
   00048    0.4260   -8149.1726  0.2722
   00049    0.4308   -8144.9743  0.2647
   00050    0.4144   -8186.5933  0.2656
   00051    0.4492   -8191.6433  0.2653
   00052    0.4276   -8205.9687  0.2715
   00053    0.4248   -8122.1356  0.2787
   00054    0.4232   -8160.6758  0.2744
   00055    0.4208   -8188.7665  0.2765
   00056    0.4192   -8200.8391  0.2780
   00057    0.4120   -8183.2277  0.2805
   00058    0.4048   -8128.5411  0.2890
   00059    0.4284   -8156.0183  0.2885
   00060    0.4164   -8157.6140  0.2946
   00061    0.4132   -8157.1005  0.2990
   00062    0.4192   -8188.4574  0.3004
   00063    0.4152   -8113.4683  0.2978
   00064    0.4268   -8173.9119  0.2911
   00065    0.4376   -8170.0240  0.2857
   00066    0.4348   -8191.9973  0.2897
   00067    0.4232   -8222.7855  0.2867
   00068    0.4284   -8186.3987  0.2840
   00069    0.4332   -8170.2667  0.2855
   00070    0.4140   -8207.7310  0.2803
   00071    0.4404   -8213.0790  0.2786
   00072    0.4048   -8247.6103  0.2817
   00073    0.4152   -8229.0408  0.2830
   00074    0.4328   -8191.9047  0.2875
   00075    0.4344   -8213.1764  0.2890
   00076    0.4368   -8257.7227  0.2763
   00077    0.4208   -8237.3506  0.2748
   00078    0.4156   -8250.3788  0.2738
   00079    0.4028   -8252.3010  0.2699
   00080    0.4264   -8286.0043  0.2774
   00081    0.4344   -8293.4942  0.2759
   00082    0.4376   -8285.9134  0.2794
   00083    0.4248   -8298.2707  0.2795
   00084    0.4248   -8379.7570  0.2787
   00085    0.4212   -8355.9841  0.2807
   00086    0.4272   -8355.5626  0.2828
   00087    0.4344   -8367.1255  0.2826
   00088    0.4056   -8370.7153  0.2825
   00089    0.4208   -8409.3642  0.2853
   00090    0.4156   -8419.9841  0.2774
   00091    0.4332   -8457.8874  0.2822
   00092    0.3976   -8463.5983  0.2837
   00093    0.4080   -8383.0563  0.2827
   00094    0.4216   -8407.3839  0.2861
   00095    0.4264   -8374.5824  0.2852
   00096    0.4108   -8383.5328  0.2852
   00097    0.4264   -8396.3644  0.2846
   00098    0.4124   -8368.2376  0.2849
   00099    0.4136   -8368.8557  0.2893
   00100    0.4136   -8354.5204  0.2840
   00101    0.4076   -8391.2736  0.2882
   00102    0.4160   -8453.7927  0.2886
   00103    0.4128   -8481.2400  0.2873
   00104    0.4080   -8455.7380  0.2780
   00105    0.4128   -8444.0224  0.2759
   00106    0.4120   -8437.9963  0.2736
   00107    0.4100   -8495.4148  0.2761
   00108    0.4040   -8448.7471  0.2734
   00109    0.4024   -8421.5526  0.2793
   00110    0.4092   -8427.9621  0.2815
   00111    0.3960   -8455.1879  0.2874
   00112    0.4156   -8456.8755  0.2871
   00113    0.4344   -8490.7467  0.2915
   00114    0.4120   -8532.6228  0.2892
   00115    0.4096   -8474.0439  0.2904
   00116    0.4100   -8485.2354  0.2917
   00117    0.4212   -8441.8231  0.2965
   00118    0.4096   -8476.6676  0.3053
   00119    0.4156   -8439.2298  0.3100
   00120    0.4048   -8448.4380  0.3040
   00121    0.4120   -8417.4846  0.3008
   00122    0.4200   -8418.6551  0.3005
   00123    0.4212   -8461.0091  0.3077
   00124    0.4056   -8446.2820  0.3103
   00125    0.4316   -8420.7202  0.3007
   00126    0.4004   -8405.3893  0.2966
   00127    0.4132   -8446.9467  0.3119
   00128    0.4212   -8409.3048  0.3124
   00129    0.4132   -8430.7585  0.3177
   00130    0.4296   -8406.7189  0.3212
   00131    0.4268   -8399.9878  0.3290
   00132    0.4148   -8372.3957  0.3304
   00133    0.4332   -8369.4999  0.3296
   00134    0.4392   -8317.3815  0.3319
   00135    0.4088   -8374.2714  0.3339
   00136    0.4456   -8387.6371  0.3291
   00137    0.4096   -8434.9964  0.3271
   00138    0.3968   -8429.6123  0.3302
   00139    0.4088   -8395.7474  0.3303
   00140    0.4108   -8348.8069  0.3268
   00141    0.4020   -8351.8539  0.3242
   00142    0.4168   -8374.8275  0.3230
   00143    0.4320   -8399.9326  0.3201
   00144    0.4164   -8449.1668  0.3164
   00145    0.3904   -8430.5692  0.3160
   00146    0.4308   -8410.8560  0.3300
   00147    0.4032   -8399.2061  0.3220
   00148    0.4068   -8359.7219  0.3231
   00149    0.4152   -8394.7015  0.3218
   00150    0.4128   -8399.5971  0.3222
   00151    0.4228   -8414.4152  0.3226
   00152    0.4148   -8442.2367  0.3229
   00153    0.4068   -8415.7010  0.3295
   00154    0.4132   -8442.1716  0.3242
   00155    0.4012   -8491.4361  0.3241
   00156    0.4324   -8429.7559  0.3283
   00157    0.4108   -8414.0770  0.3329
   00158    0.4156   -8416.9838  0.3284
   00159    0.4060   -8449.4951  0.3293
   00160    0.4152   -8501.5693  0.3351
   00161    0.4068   -8461.5795  0.3345
   00162    0.3992   -8451.8992  0.3304
   00163    0.4232   -8442.0180  0.3371
   00164    0.4148   -8410.5992  0.3365
   00165    0.4292   -8441.3643  0.3357
   00166    0.4180   -8458.3978  0.3405
   00167    0.4152   -8451.2027  0.3392
   00168    0.4180   -8428.3034  0.3323
   00169    0.4016   -8437.8274  0.3290
   00170    0.4264   -8409.3177  0.3320
   00171    0.4200   -8467.7802  0.3343
   00172    0.4012   -8436.2387  0.3339
   00173    0.4252   -8432.2197  0.3400
   00174    0.4244   -8391.5989  0.3364
   00175    0.4084   -8372.9403  0.3370
   00176    0.4040   -8356.8723  0.3390
   00177    0.4204   -8392.5373  0.3336
   00178    0.4132   -8368.7500  0.3347
   00179    0.3984   -8424.4776  0.3330
   00180    0.4168   -8464.1303  0.3364
   00181    0.4148   -8454.8958  0.3394
   00182    0.4080   -8475.6249  0.3360
   00183    0.4172   -8461.2647  0.3319
   00184    0.4080   -8446.0239  0.3286
   00185    0.4116   -8469.8206  0.3270
   00186    0.4028   -8429.4286  0.3251
   00187    0.3964   -8414.5542  0.3229
   00188    0.4060   -8419.2913  0.3286
   00189    0.4064   -8464.1516  0.3308
   00190    0.4052   -8415.1034  0.3338
   00191    0.4120   -8423.2342  0.3308
   00192    0.4140   -8461.5269  0.3352
   00193    0.4124   -8430.1449  0.3383
   00194    0.4088   -8426.2972  0.3396
   00195    0.4104   -8400.0531  0.3432
   00196    0.4128   -8417.6328  0.3500
   00197    0.4128   -8416.9297  0.3521
   00198    0.4208   -8407.7519  0.3551
   00199    0.4072   -8392.2800  0.3550
   00200    0.4148   -8420.3572  0.3571
   00201    0.4016   -8455.1708  0.3569
   00202    0.4260   -8405.0136  0.3565
   00203    0.4188   -8407.4377  0.3522
   00204    0.3976   -8370.4107  0.3525
   00205    0.4168   -8392.6531  0.3583
   00206    0.4336   -8440.8073  0.3557
   00207    0.4076   -8416.5809  0.3548
   00208    0.3980   -8395.2806  0.3535
   00209    0.4292   -8377.1593  0.3529
   00210    0.4112   -8466.6743  0.3563
   00211    0.4260   -8434.9195  0.3482
   00212    0.3980   -8503.7731  0.3493
   00213    0.4048   -8537.5554  0.3489
   00214    0.4064   -8520.8683  0.3457
   00215    0.4192   -8506.6815  0.3438
   00216    0.4112   -8475.5546  0.3454
   00217    0.4120   -8433.5357  0.3374
   00218    0.4044   -8402.4691  0.3348
   00219    0.4368   -8402.4418  0.3298
   00220    0.4212   -8408.6085  0.3248
   00221    0.4072   -8409.3573  0.3303
   00222    0.4132   -8405.8802  0.3308
   00223    0.4140   -8412.0142  0.3260
   00224    0.4256   -8436.3797  0.3284
   00225    0.4376   -8464.5033  0.3300
   00226    0.4084   -8489.4590  0.3316
   00227    0.4020   -8474.9977  0.3352
   00228    0.4076   -8490.4100  0.3367
   00229    0.4084   -8476.0408  0.3336
   00230    0.4152   -8493.5010  0.3339
   00231    0.4008   -8479.1658  0.3360
   00232    0.4268   -8460.2666  0.3424
   00233    0.4172   -8496.6794  0.3480
   00234    0.3948   -8491.2196  0.3495
   00235    0.4072   -8482.3705  0.3509
   00236    0.4144   -8489.2524  0.3594
   00237    0.4068   -8474.8663  0.3591
   00238    0.4144   -8442.1745  0.3537
   00239    0.4056   -8442.6612  0.3560
   00240    0.4188   -8509.4841  0.3600
   00241    0.4164   -8509.7849  0.3626
   00242    0.4156   -8475.5111  0.3661
   00243    0.4064   -8452.6717  0.3697
   00244    0.4252   -8495.6041  0.3702
   00245    0.4112   -8490.9826  0.3719
   00246    0.4124   -8510.2706  0.3701
   00247    0.4096   -8522.5815  0.3771
   00248    0.3932   -8526.9805  0.3777
   00249    0.4120   -8520.7756  0.3732
   00250    0.4188   -8521.3802  0.3692
   00251    0.4036   -8512.2792  0.3635
   00252    0.4248   -8552.8394  0.3681
   00253    0.3932   -8526.6012  0.3673
   00254    0.4088   -8507.7860  0.3697
   00255    0.4176   -8535.7753  0.3753
   00256    0.4096   -8552.4035  0.3787
   00257    0.4092   -8572.8314  0.3799
   00258    0.4120   -8548.8202  0.3751
   00259    0.4176   -8537.9820  0.3756
   00260    0.4008   -8554.7604  0.3743
   00261    0.4128   -8522.5440  0.3761
   00262    0.4108   -8531.9721  0.3839
   00263    0.4080   -8498.4723  0.3897
   00264    0.4104   -8490.7192  0.3879
   00265    0.4100   -8484.5038  0.3874
   00266    0.4088   -8509.6133  0.3926
   00267    0.4180   -8467.7799  0.3866
   00268    0.4008   -8493.8488  0.3814
   00269    0.4008   -8519.7448  0.3823
   00270    0.4188   -8515.7668  0.3815
   00271    0.4192   -8503.9213  0.3824
   00272    0.3968   -8593.9255  0.3848
   00273    0.4108   -8603.4177  0.3839
   00274    0.3912   -8545.3650  0.3905
   00275    0.4248   -8528.3332  0.3951
   00276    0.4108   -8507.6400  0.3955
   00277    0.4260   -8521.6016  0.3944
   00278    0.4152   -8528.8333  0.3944
   00279    0.4044   -8551.9603  0.3990
   00280    0.4044   -8528.8473  0.3965
   00281    0.4048   -8507.8139  0.3968
   00282    0.4252   -8487.0543  0.3969
   00283    0.4208   -8517.2430  0.3980
   00284    0.4212   -8504.8637  0.4003
   00285    0.4024   -8504.9294  0.4075
   00286    0.4108   -8468.1196  0.3993
   00287    0.4068   -8475.9475  0.3952
   00288    0.3984   -8499.1277  0.3922
   00289    0.4284   -8500.4527  0.3867
   00290    0.4112   -8490.9600  0.3831
   00291    0.4172   -8504.2349  0.3845
   00292    0.4208   -8490.7097  0.3899
   00293    0.4120   -8443.8449  0.3895
   00294    0.4136   -8478.6478  0.3911
   00295    0.4152   -8446.9154  0.3905
   00296    0.4188   -8452.5865  0.3823
   00297    0.4244   -8457.2243  0.3865
   00298    0.4228   -8468.8949  0.3800
   00299    0.4148   -8489.9268  0.3818
   00300    0.4036   -8504.6152  0.3809
   00301    0.4248   -8479.7722  0.3839
   00302    0.4220   -8479.0445  0.3880
   00303    0.4052   -8468.3658  0.3921
   00304    0.4180   -8470.1913  0.3869
   00305    0.4092   -8467.7915  0.3758
   00306    0.4080   -8513.9469  0.3754
   00307    0.4104   -8493.7717  0.3785
   00308    0.4132   -8463.4904  0.3784
   00309    0.4124   -8494.8913  0.3786
   00310    0.4144   -8451.4374  0.3797
   00311    0.4156   -8465.5563  0.3791
   00312    0.4324   -8524.0027  0.3839
   00313    0.4084   -8498.9005  0.3857
   00314    0.4104   -8459.1088  0.3819
   00315    0.4080   -8505.9399  0.3771
   00316    0.4284   -8520.1378  0.3815
   00317    0.4064   -8518.0147  0.3837
   00318    0.4332   -8495.6904  0.3756
   00319    0.4224   -8515.8544  0.3799
   00320    0.3940   -8488.2393  0.3761
   00321    0.4040   -8489.9575  0.3750
   00322    0.4048   -8454.4280  0.3740
   00323    0.4416   -8477.6156  0.3758
   00324    0.4236   -8525.1835  0.3777
   00325    0.3916   -8495.2469  0.3774
   00326    0.4184   -8474.9037  0.3781
   00327    0.3936   -8500.7494  0.3794
   00328    0.4116   -8524.2750  0.3799
   00329    0.4136   -8530.7764  0.3795
   00330    0.4208   -8527.4928  0.3786
   00331    0.4120   -8562.8394  0.3828
   00332    0.4212   -8503.1620  0.3778
   00333    0.4032   -8506.0382  0.3755
   00334    0.4068   -8484.2069  0.3717
   00335    0.4232   -8490.8819  0.3709
   00336    0.3912   -8499.6954  0.3685
   00337    0.4060   -8497.0667  0.3712
   00338    0.4272   -8508.3936  0.3712
   00339    0.4104   -8514.5991  0.3698
   00340    0.4172   -8517.6423  0.3633
   00341    0.4220   -8480.7704  0.3621
   00342    0.4200   -8495.7216  0.3599
   00343    0.3864   -8545.8056  0.3588
   00344    0.4164   -8521.3286  0.3621
   00345    0.4024   -8539.8342  0.3563
   00346    0.3884   -8524.8160  0.3548
   00347    0.4056   -8521.7829  0.3528
   00348    0.4252   -8501.1358  0.3540
   00349    0.4192   -8529.3684  0.3570
   00350    0.4220   -8557.8832  0.3608
   00351    0.4260   -8564.6347  0.3585
   00352    0.4096   -8547.3634  0.3539
   00353    0.4180   -8565.0717  0.3560
   00354    0.4028   -8521.9075  0.3583
   00355    0.4212   -8547.4894  0.3597
   00356    0.4132   -8563.3692  0.3650
   00357    0.4096   -8552.2776  0.3576
   00358    0.4140   -8541.0172  0.3532
   00359    0.3988   -8505.1362  0.3516
   00360    0.4068   -8521.6835  0.3588
   00361    0.4168   -8535.7713  0.3524
   00362    0.4092   -8569.8592  0.3556
   00363    0.4136   -8532.2497  0.3576
   00364    0.4200   -8538.8674  0.3497
   00365    0.4108   -8529.1432  0.3517
   00366    0.4000   -8558.1636  0.3492
   00367    0.4080   -8572.9065  0.3494
   00368    0.4128   -8560.1751  0.3436
   00369    0.4088   -8555.5637  0.3406
   00370    0.3976   -8563.0793  0.3432
   00371    0.4008   -8526.9040  0.3385
   00372    0.4152   -8533.0732  0.3400
   00373    0.4116   -8522.8028  0.3411
   00374    0.3972   -8527.6519  0.3383
   00375    0.4060   -8481.4130  0.3418
   00376    0.4076   -8514.7607  0.3430
   00377    0.4200   -8482.5508  0.3504
   00378    0.4360   -8442.9467  0.3562
   00379    0.4152   -8421.1379  0.3548
   00380    0.4288   -8442.6429  0.3526
   00381    0.4092   -8500.2260  0.3527
   00382    0.4040   -8512.3891  0.3511
   00383    0.4100   -8551.8879  0.3520
   00384    0.4336   -8583.7437  0.3586
   00385    0.4164   -8588.6552  0.3616
   00386    0.3956   -8572.7817  0.3625
   00387    0.4048   -8519.9450  0.3634
   00388    0.4200   -8504.9271  0.3645
   00389    0.4116   -8490.9777  0.3551
   00390    0.4004   -8511.5896  0.3461
   00391    0.4128   -8509.6061  0.3430
   00392    0.4100   -8511.5385  0.3413
   00393    0.4260   -8560.4431  0.3427
   00394    0.4048   -8551.7628  0.3517
   00395    0.4072   -8559.7015  0.3527
   00396    0.4048   -8573.9000  0.3579
   00397    0.4196   -8521.0852  0.3589
   00398    0.4320   -8515.6767  0.3613
   00399    0.4168   -8484.4659  0.3600
   00400    0.4296   -8494.0052  0.3627
   00401    0.3960   -8474.9255  0.3694
   00402    0.4172   -8480.1581  0.3677
   00403    0.4164   -8493.3581  0.3669
   00404    0.4068   -8485.4841  0.3646
   00405    0.4252   -8503.9218  0.3671
   00406    0.4116   -8534.8568  0.3704
   00407    0.4008   -8519.3678  0.3655
   00408    0.4132   -8512.7749  0.3627
   00409    0.4216   -8504.1925  0.3616
   00410    0.4104   -8524.8309  0.3573
   00411    0.4332   -8505.2712  0.3554
   00412    0.3972   -8494.6657  0.3579
   00413    0.3940   -8477.5917  0.3562
   00414    0.4044   -8512.2978  0.3545
   00415    0.4188   -8518.2649  0.3558
   00416    0.4060   -8533.4547  0.3586
   00417    0.4236   -8504.5701  0.3639
   00418    0.4152   -8485.3393  0.3640
   00419    0.3968   -8497.8108  0.3638
   00420    0.4036   -8535.2438  0.3580
   00421    0.4124   -8573.3622  0.3564
   00422    0.4168   -8524.4604  0.3563
   00423    0.3968   -8517.0271  0.3549
   00424    0.4084   -8526.6636  0.3642
   00425    0.4036   -8514.2382  0.3609
   00426    0.4328   -8477.9065  0.3574
   00427    0.4176   -8465.2023  0.3512
   00428    0.4128   -8462.0204  0.3508
   00429    0.4228   -8458.4362  0.3519
   00430    0.3932   -8474.7358  0.3511
   00431    0.4200   -8504.0001  0.3518
   00432    0.4080   -8502.9441  0.3522
   00433    0.4176   -8465.7335  0.3565
   00434    0.4088   -8497.9190  0.3627
   00435    0.4012   -8532.2859  0.3653
   00436    0.3872   -8519.5742  0.3663
   00437    0.4052   -8487.7213  0.3681
   00438    0.4144   -8514.1088  0.3717
   00439    0.4052   -8547.4670  0.3637
   00440    0.4024   -8522.7754  0.3647
   00441    0.4184   -8525.7468  0.3642
   00442    0.4080   -8506.0526  0.3613
   00443    0.3928   -8564.3955  0.3607
   00444    0.4212   -8519.8429  0.3551
   00445    0.4048   -8520.7868  0.3559
   00446    0.4004   -8543.5207  0.3550
   00447    0.4036   -8558.9134  0.3540
   00448    0.3964   -8514.1825  0.3534
   00449    0.4084   -8503.0994  0.3477
   00450    0.4052   -8509.5823  0.3522
   00451    0.4220   -8553.2033  0.3444
   00452    0.4132   -8553.1425  0.3486
   00453    0.4016   -8538.5205  0.3455
   00454    0.3976   -8529.5334  0.3513
   00455    0.4196   -8518.9643  0.3537
   00456    0.4096   -8508.6782  0.3531
   00457    0.4120   -8492.2591  0.3511
   00458    0.4164   -8508.0609  0.3451
   00459    0.4216   -8503.3841  0.3438
   00460    0.4124   -8531.5823  0.3433
   00461    0.3972   -8510.6059  0.3446
   00462    0.4212   -8523.9561  0.3457
   00463    0.3944   -8522.0706  0.3429
   00464    0.4244   -8511.9798  0.3422
   00465    0.4084   -8505.4733  0.3435
   00466    0.4264   -8498.5612  0.3388
   00467    0.4132   -8490.3309  0.3317
   00468    0.3996   -8487.1889  0.3315
   00469    0.4296   -8501.0716  0.3319
   00470    0.4140   -8512.1837  0.3363
   00471    0.4436   -8482.6733  0.3350
   00472    0.4024   -8489.5366  0.3361
   00473    0.3928   -8516.4889  0.3330
   00474    0.4184   -8472.2340  0.3213
   00475    0.4088   -8518.1228  0.3243
   00476    0.3980   -8519.0763  0.3277
   00477    0.4276   -8525.5884  0.3261
   00478    0.4128   -8516.4586  0.3299
   00479    0.4344   -8445.6610  0.3327
   00480    0.4084   -8480.8194  0.3393
   00481    0.4036   -8466.3769  0.3406
   00482    0.4136   -8472.6924  0.3517
   00483    0.3940   -8452.9672  0.3459
   00484    0.4140   -8505.5867  0.3521
   00485    0.4140   -8521.9080  0.3499
   00486    0.4212   -8538.4505  0.3524
   00487    0.4120   -8520.3359  0.3540
   00488    0.4040   -8551.2740  0.3602
   00489    0.4028   -8497.9900  0.3633
   00490    0.4056   -8521.0700  0.3614
   00491    0.4128   -8524.1874  0.3602
   00492    0.4156   -8504.0570  0.3566
   00493    0.4088   -8567.2189  0.3587
   00494    0.4192   -8456.3543  0.3553
   00495    0.4144   -8441.0119  0.3524
   00496    0.4300   -8489.8788  0.3614
   00497    0.4020   -8509.2475  0.3662
   00498    0.4080   -8489.6872  0.3647
   00499    0.3996   -8546.6862  0.3682
   00500    0.4136   -8549.2984  0.3669
