#=====================================================
# File created:        Thu-20-Feb-2025-at-11-25-12AM
# Size of lattice:     50x50
# Number of MC steps:  500
# Reduced temperature: 0.500
# Run time (s):        10.364593
#=====================================================
# MC step:  Ratio:     Energy:   Order:
#=====================================================
   00000    0.5000   -2490.8084  0.2668
   00001    0.6812   -3808.6032  0.2755
   00002    0.5940   -4617.0698  0.2763
   00003    0.5648   -5241.9290  0.2740
   00004    0.5428   -5631.5899  0.2752
   00005    0.5168   -5887.3995  0.2665
   00006    0.5236   -6174.3522  0.2660
   00007    0.4980   -6415.4046  0.2709
   00008    0.4952   -6616.6255  0.2708
   00009    0.4904   -6756.1097  0.2803
   00010    0.4700   -6869.4757  0.2826
   00011    0.4704   -6989.2588  0.2780
   00012    0.4516   -7086.1934  0.2807
   00013    0.4804   -7198.8557  0.2835
   00014    0.4500   -7278.2286  0.2899
   00015    0.4436   -7391.3563  0.2844
   00016    0.4524   -7443.1640  0.2816
   00017    0.4380   -7489.1231  0.2847
   00018    0.4408   -7527.3966  0.2854
   00019    0.4376   -7544.4316  0.2861
   00020    0.4724   -7543.0675  0.2907
   00021    0.4424   -7601.4328  0.2866
   00022    0.4428   -7634.9172  0.2835
   00023    0.4452   -7656.5966  0.2855
   00024    0.4376   -7741.5912  0.2854
   00025    0.4412   -7718.7290  0.2999
   00026    0.4504   -7737.6601  0.2996
   00027    0.4248   -7769.3440  0.3021
   00028    0.4508   -7795.3369  0.3103
   00029    0.4596   -7831.9039  0.3112
   00030    0.4520   -7792.0450  0.3214
   00031    0.4468   -7846.5898  0.3270
   00032    0.4464   -7847.5044  0.3286
   00033    0.4476   -7867.5002  0.3258
   00034    0.4384   -7929.8528  0.3278
   00035    0.4332   -7885.8678  0.3333
   00036    0.4596   -7917.2180  0.3348
   00037    0.4380   -7968.9018  0.3385
   00038    0.4152   -7987.6199  0.3420
   00039    0.4332   -7985.7443  0.3435
   00040    0.4296   -8021.1908  0.3477
   00041    0.4220   -8049.2047  0.3551
   00042    0.4180   -8073.6289  0.3583
   00043    0.4204   -8111.4433  0.3645
   00044    0.4100   -8095.6030  0.3692
   00045    0.4332   -8082.0855  0.3770
   00046    0.4172   -8107.3375  0.3777
   00047    0.4228   -8098.5624  0.3754
   00048    0.4284   -8107.0059  0.3759
   00049    0.4344   -8119.4391  0.3737
   00050    0.4168   -8165.6154  0.3768
   00051    0.4076   -8207.1267  0.3872
   00052    0.4256   -8153.3755  0.3810
   00053    0.4216   -8164.0772  0.3744
   00054    0.4480   -8119.7977  0.3801
   00055    0.4360   -8131.6206  0.3824
   00056    0.4400   -8160.3690  0.3788
   00057    0.4072   -8144.0765  0.3717
   00058    0.4176   -8141.3452  0.3715
   00059    0.4272   -8133.5737  0.3750
   00060    0.4316   -8125.3626  0.3731
   00061    0.4284   -8142.5512  0.3724
   00062    0.4072   -8230.3119  0.3753
   00063    0.4240   -8231.9474  0.3762
   00064    0.4196   -8235.9566  0.3791
   00065    0.4200   -8224.0514  0.3719
   00066    0.4148   -8210.3504  0.3782
   00067    0.4268   -8188.8524  0.3794
   00068    0.4268   -8159.5676  0.3763
   00069    0.4188   -8162.1936  0.3799
   00070    0.4416   -8185.3242  0.3856
   00071    0.4124   -8185.5419  0.3813
   00072    0.4136   -8166.9146  0.3917
   00073    0.4100   -8235.7201  0.3953
   00074    0.4100   -8260.9735  0.3962
   00075    0.4288   -8230.2128  0.3969
   00076    0.4244   -8214.0856  0.3951
   00077    0.4420   -8190.5929  0.3983
   00078    0.4200   -8190.7725  0.3985
   00079    0.4044   -8241.1994  0.4002
   00080    0.4116   -8232.7851  0.4067
   00081    0.4240   -8224.1268  0.4082
   00082    0.4176   -8209.0104  0.4072
   00083    0.4268   -8281.7930  0.4155
   00084    0.4172   -8256.6441  0.4196
   00085    0.4092   -8231.8901  0.4200
   00086    0.4116   -8270.2999  0.4216
   00087    0.4300   -8270.2564  0.4264
   00088    0.4080   -8338.4244  0.4306
   00089    0.4108   -8317.2938  0.4351
   00090    0.4084   -8301.7228  0.4396
   00091    0.4284   -8309.8684  0.4448
   00092    0.4156   -8309.9302  0.4441
   00093    0.4272   -8296.3500  0.4473
   00094    0.4128   -8278.5481  0.4510
   00095    0.4168   -8275.7773  0.4540
   00096    0.4264   -8252.5059  0.4590
   00097    0.4172   -8305.3733  0.4695
   00098    0.4228   -8326.6255  0.4699
   00099    0.4220   -8313.6283  0.4740
   00100    0.4216   -8298.9337  0.4694
   00101    0.4104   -8330.1480  0.4753
   00102    0.4172   -8341.3900  0.4839
   00103    0.4316   -8327.5634  0.4943
   00104    0.4184   -8333.9061  0.4943
   00105    0.4272   -8329.9053  0.4920
   00106    0.4228   -8320.2460  0.4861
   00107    0.4124   -8321.7762  0.4895
   00108    0.4232   -8318.1586  0.4948
   00109    0.4024   -8315.4153  0.5010
   00110    0.4172   -8367.5168  0.4986
   00111    0.4196   -8344.0170  0.4938
   00112    0.4224   -8325.7219  0.4969
   00113    0.4172   -8323.5338  0.5043
   00114    0.4172   -8340.9053  0.5110
   00115    0.4268   -8319.7932  0.5099
   00116    0.4308   -8342.9394  0.5097
   00117    0.4128   -8336.6341  0.5123
   00118    0.4392   -8327.9638  0.5132
   00119    0.4000   -8331.1631  0.5229
   00120    0.4140   -8336.6290  0.5293
   00121    0.4172   -8358.2023  0.5287
   00122    0.4132   -8328.2718  0.5323
   00123    0.4092   -8288.4090  0.5280
   00124    0.4224   -8292.5467  0.5250
   00125    0.4272   -8256.2989  0.5274
   00126    0.4204   -8277.5430  0.5276
   00127    0.4168   -8219.9490  0.5339
   00128    0.4108   -8226.7078  0.5334
   00129    0.4320   -8268.7322  0.5366
   00130    0.4188   -8318.5333  0.5426
   00131    0.4192   -8333.8251  0.5379
   00132    0.4204   -8315.6943  0.5345
   00133    0.4192   -8330.6140  0.5379
   00134    0.4392   -8371.8706  0.5392
   00135    0.4132   -8415.8902  0.5468
   00136    0.4136   -8397.7353  0.5480
   00137    0.4124   -8403.7972  0.5517
   00138    0.4208   -8395.5938  0.5491
   00139    0.4412   -8443.0483  0.5453
   00140    0.4028   -8432.0655  0.5442
   00141    0.4128   -8399.6486  0.5431
   00142    0.4240   -8338.6203  0.5345
   00143    0.4008   -8359.6671  0.5404
   00144    0.3872   -8390.2156  0.5420
   00145    0.4204   -8398.9297  0.5426
   00146    0.4068   -8393.4251  0.5444
   00147    0.4056   -8408.9804  0.5510
   00148    0.4068   -8424.4918  0.5478
   00149    0.4272   -8390.5718  0.5509
   00150    0.4228   -8381.2896  0.5424
   00151    0.4316   -8409.9744  0.5439
   00152    0.4140   -8381.4281  0.5435
   00153    0.4180   -8402.1757  0.5467
   00154    0.4172   -8355.0037  0.5518
   00155    0.4304   -8371.2722  0.5455
   00156    0.3980   -8391.2996  0.5507
   00157    0.4164   -8435.3049  0.5516
   00158    0.4256   -8436.2985  0.5504
   00159    0.4084   -8402.8978  0.5514
   00160    0.4180   -8397.9309  0.5446
   00161    0.4052   -8413.4759  0.5448
   00162    0.4064   -8444.8781  0.5463
   00163    0.4116   -8473.8601  0.5454
   00164    0.4156   -8427.9216  0.5464
   00165    0.4292   -8443.7932  0.5414
   00166    0.4088   -8468.1259  0.5445
   00167    0.4032   -8469.5564  0.5515
   00168    0.4244   -8463.0947  0.5520
   00169    0.4028   -8435.2584  0.5490
   00170    0.4248   -8433.1669  0.5524
   00171    0.4268   -8459.0949  0.5494
   00172    0.4168   -8447.0059  0.5487
   00173    0.3904   -8514.2571  0.5524
   00174    0.4112   -8491.0850  0.5536
   00175    0.3956   -8488.1615  0.5501
   00176    0.4108   -8492.4689  0.5513
   00177    0.4072   -8506.0328  0.5498
   00178    0.4004   -8497.2063  0.5517
   00179    0.3968   -8484.0368  0.5506
   00180    0.4292   -8493.6299  0.5498
   00181    0.4092   -8483.6752  0.5503
   00182    0.4148   -8507.7707  0.5519
   00183    0.4136   -8448.4936  0.5492
   00184    0.4168   -8487.5706  0.5436
   00185    0.4080   -8511.5753  0.5394
   00186    0.4120   -8506.0768  0.5403
   00187    0.3936   -8496.9568  0.5415
   00188    0.4120   -8458.7471  0.5405
   00189    0.4152   -8504.2945  0.5411
   00190    0.4008   -8520.4101  0.5436
   00191    0.4156   -8501.7480  0.5495
   00192    0.4036   -8500.8173  0.5531
   00193    0.3996   -8501.0364  0.5542
   00194    0.4148   -8513.3599  0.5553
   00195    0.4136   -8512.1408  0.5582
   00196    0.4268   -8486.1068  0.5589
   00197    0.3888   -8505.9599  0.5574
   00198    0.4144   -8440.2622  0.5566
   00199    0.4124   -8446.3228  0.5557
   00200    0.4132   -8476.8403  0.5524
   00201    0.4224   -8532.7796  0.5486
   00202    0.4208   -8538.2002  0.5455
   00203    0.4232   -8556.7827  0.5458
   00204    0.3912   -8533.2888  0.5441
   00205    0.4172   -8527.0757  0.5458
   00206    0.4100   -8528.3345  0.5464
   00207    0.4000   -8521.6165  0.5458
   00208    0.4052   -8531.4916  0.5383
   00209    0.4012   -8536.1164  0.5417
   00210    0.4172   -8510.3344  0.5426
   00211    0.4324   -8496.0103  0.5408
   00212    0.4192   -8556.7834  0.5403
   00213    0.4084   -8523.7554  0.5382
   00214    0.4140   -8510.1019  0.5337
   00215    0.4100   -8545.1971  0.5324
   00216    0.4204   -8517.5515  0.5331
   00217    0.4164   -8513.9619  0.5328
   00218    0.4176   -8513.2736  0.5356
   00219    0.4032   -8544.9364  0.5342
   00220    0.4128   -8536.3816  0.5269
   00221    0.4008   -8508.1389  0.5302
   00222    0.3948   -8535.3675  0.5311
   00223    0.4124   -8550.0108  0.5388
   00224    0.4136   -8539.0235  0.5392
   00225    0.4084   -8566.9298  0.5367
   00226    0.4072   -8538.2071  0.5395
   00227    0.4136   -8526.8030  0.5411
   00228    0.3932   -8523.8987  0.5431
   00229    0.4100   -8486.1270  0.5461
   00230    0.4108   -8502.1069  0.5563
   00231    0.4080   -8461.4344  0.5515
   00232    0.4036   -8468.4299  0.5466
   00233    0.4348   -8445.2067  0.5424
   00234    0.4204   -8412.9400  0.5455
   00235    0.4352   -8421.0848  0.5487
   00236    0.4052   -8462.7394  0.5473
   00237    0.4252   -8473.9277  0.5477
   00238    0.4256   -8484.0856  0.5430
   00239    0.4264   -8476.2745  0.5464
   00240    0.4024   -8481.1948  0.5405
   00241    0.4172   -8523.7154  0.5492
   00242    0.4136   -8487.1836  0.5467
   00243    0.4124   -8475.5503  0.5440
   00244    0.3976   -8455.7800  0.5428
   00245    0.4176   -8486.5199  0.5452
   00246    0.4144   -8490.2003  0.5386
   00247    0.3980   -8508.0996  0.5371
   00248    0.3976   -8501.0007  0.5418
   00249    0.4184   -8471.6406  0.5381
   00250    0.4308   -8481.8260  0.5345
   00251    0.4084   -8484.4391  0.5426
   00252    0.4108   -8491.6363  0.5437
   00253    0.4008   -8494.8751  0.5411
   00254    0.4172   -8486.9692  0.5477
   00255    0.4048   -8520.2887  0.5480
   00256    0.4112   -8557.8298  0.5522
   00257    0.4052   -8554.3057  0.5538
   00258    0.3948   -8558.0203  0.5568
   00259    0.4028   -8525.1482  0.5550
   00260    0.4212   -8539.1531  0.5574
   00261    0.4088   -8509.4410  0.5566
   00262    0.4244   -8482.9117  0.5583
   00263    0.4036   -8520.6474  0.5580
   00264    0.3960   -8474.1829  0.5541
   00265    0.4092   -8481.6679  0.5512
   00266    0.4220   -8425.1870  0.5498
   00267    0.3852   -8420.8124  0.5506
   00268    0.4104   -8461.0625  0.5479
   00269    0.4172   -8477.0878  0.5575
   00270    0.4232   -8495.8584  0.5626
   00271    0.4104   -8554.0703  0.5625
   00272    0.4176   -8520.5119  0.5628
   00273    0.4076   -8532.0047  0.5647
   00274    0.4212   -8546.4036  0.5713
   00275    0.3944   -8545.5553  0.5684
   00276    0.4008   -8544.9248  0.5636
   00277    0.4068   -8559.5557  0.5652
   00278    0.4092   -8501.9753  0.5701
   00279    0.4200   -8434.4821  0.5725
   00280    0.4024   -8475.3222  0.5685
   00281    0.4112   -8510.0754  0.5735
   00282    0.4044   -8492.7265  0.5733
   00283    0.4020   -8466.4038  0.5779
   00284    0.4200   -8478.6492  0.5729
   00285    0.4224   -8455.8501  0.5699
   00286    0.4056   -8496.2753  0.5700
   00287    0.4240   -8440.9368  0.5671
   00288    0.4168   -8381.5815  0.5672
   00289    0.4224   -8428.3563  0.5644
   00290    0.4316   -8411.7510  0.5673
   00291    0.4220   -8370.6136  0.5713
   00292    0.4176   -8343.7762  0.5715
   00293    0.4224   -8351.8435  0.5775
   00294    0.4104   -8375.0419  0.5836
   00295    0.4296   -8426.8231  0.5864
   00296    0.4112   -8431.8059  0.5862
   00297    0.4208   -8406.6563  0.5841
   00298    0.4300   -8431.5601  0.5883
   00299    0.4256   -8382.8303  0.5879
   00300    0.4052   -8412.8232  0.5892
   00301    0.4208   -8430.3234  0.5904
   00302    0.4084   -8446.5330  0.5909
   00303    0.4008   -8399.7871  0.5849
   00304    0.4140   -8361.8654  0.5839
   00305    0.4140   -8356.2759  0.5862
   00306    0.4124   -8380.3383  0.5867
   00307    0.4196   -8391.7695  0.5912
   00308    0.3908   -8411.1509  0.5982
   00309    0.4152   -8431.3761  0.5988
   00310    0.4136   -8433.5168  0.6017
   00311    0.4308   -8443.0323  0.5995
   00312    0.4080   -8420.3787  0.6062
   00313    0.4076   -8427.8257  0.6048
   00314    0.4140   -8421.9186  0.5946
   00315    0.4228   -8401.8074  0.5909
   00316    0.4012   -8448.4170  0.5888
   00317    0.4136   -8453.0697  0.5902
   00318    0.4152   -8536.8428  0.5934
   00319    0.4176   -8523.1350  0.5890
   00320    0.4100   -8524.6887  0.5860
   00321    0.4108   -8520.9476  0.5874
   00322    0.4024   -8556.4694  0.5877
   00323    0.4072   -8534.8998  0.5895
   00324    0.4068   -8540.4080  0.5891
   00325    0.4212   -8507.5882  0.5880
   00326    0.4076   -8561.9682  0.5916
   00327    0.4072   -8560.9660  0.5889
   00328    0.4276   -8555.3611  0.5896
   00329    0.4052   -8545.4236  0.5921
   00330    0.4292   -8546.1016  0.5913
   00331    0.4124   -8575.7447  0.5934
   00332    0.4088   -8522.7375  0.5917
   00333    0.4384   -8557.5925  0.5894
   00334    0.4172   -8547.6610  0.5923
   00335    0.4028   -8507.7675  0.5874
   00336    0.4140   -8508.4904  0.5956
   00337    0.4164   -8484.2169  0.5969
   00338    0.4200   -8469.6257  0.5929
   00339    0.4052   -8484.7417  0.5946
   00340    0.4196   -8516.3977  0.5877
   00341    0.3924   -8536.6605  0.5861
   00342    0.4036   -8529.2064  0.5807
   00343    0.4184   -8556.9163  0.5812
   00344    0.4052   -8551.4487  0.5774
   00345    0.4268   -8548.1153  0.5839
   00346    0.4200   -8473.6232  0.5840
   00347    0.4268   -8493.0595  0.5867
   00348    0.4096   -8515.8474  0.5875
   00349    0.4140   -8533.5213  0.5890
   00350    0.4036   -8531.4463  0.5843
   00351    0.3916   -8523.7423  0.5801
   00352    0.4120   -8574.3955  0.5869
   00353    0.4016   -8549.4402  0.5857
   00354    0.4204   -8580.6740  0.5868
   00355    0.4040   -8580.4827  0.5862
   00356    0.4068   -8582.9591  0.5873
   00357    0.4188   -8548.1683  0.5928
   00358    0.4284   -8545.4973  0.5953
   00359    0.4032   -8547.4625  0.5961
   00360    0.4204   -8522.9431  0.5911
   00361    0.4140   -8546.8020  0.5980
   00362    0.4084   -8560.3010  0.5952
   00363    0.4116   -8562.2637  0.5886
   00364    0.4104   -8567.2860  0.5870
   00365    0.4068   -8544.9622  0.5876
   00366    0.4096   -8563.7254  0.5855
   00367    0.3916   -8562.2343  0.5923
   00368    0.4168   -8582.0165  0.5979
   00369    0.3980   -8553.8022  0.5993
   00370    0.4044   -8569.6743  0.5893
   00371    0.4240   -8556.3022  0.5894
   00372    0.4116   -8557.8227  0.5909
   00373    0.4196   -8577.5133  0.5971
   00374    0.4016   -8580.9830  0.5961
   00375    0.4012   -8592.7529  0.5994
   00376    0.4008   -8567.4866  0.5980
   00377    0.4236   -8597.5105  0.6005
   00378    0.4144   -8616.8756  0.5971
   00379    0.3968   -8579.3687  0.5972
   00380    0.3948   -8562.2780  0.6034
   00381    0.3960   -8531.9220  0.6042
   00382    0.4152   -8511.2967  0.6038
   00383    0.4116   -8505.4304  0.6006
   00384    0.4236   -8518.4979  0.5974
   00385    0.4024   -8549.6636  0.5969
   00386    0.4092   -8565.8891  0.5981
   00387    0.4028   -8546.2091  0.5960
   00388    0.4112   -8499.3867  0.5924
   00389    0.4064   -8496.0207  0.5899
   00390    0.3976   -8507.9745  0.5938
   00391    0.4108   -8479.0668  0.5950
   00392    0.3904   -8435.1394  0.5945
   00393    0.4020   -8471.9624  0.5928
   00394    0.4108   -8452.9452  0.5939
   00395    0.4148   -8482.8537  0.5994
   00396    0.4108   -8495.1515  0.6017
   00397    0.4116   -8490.3559  0.6001
   00398    0.4224   -8528.0598  0.6004
   00399    0.4156   -8506.9386  0.5967
   00400    0.4124   -8553.5714  0.6007
   00401    0.4148   -8587.3087  0.5916
   00402    0.4032   -8551.7601  0.5914
   00403    0.4016   -8561.1832  0.5902
   00404    0.4188   -8559.6098  0.5875
   00405    0.4240   -8564.6144  0.5934
   00406    0.3932   -8560.4912  0.5881
   00407    0.4088   -8527.6909  0.5846
   00408    0.4012   -8534.6032  0.5861
   00409    0.4040   -8576.4545  0.5896
   00410    0.4132   -8508.7780  0.5867
   00411    0.3932   -8495.8682  0.5827
   00412    0.4216   -8510.3241  0.5786
   00413    0.4156   -8519.8911  0.5817
   00414    0.4016   -8553.9977  0.5761
   00415    0.3988   -8565.3119  0.5787
   00416    0.4052   -8533.1773  0.5796
   00417    0.4168   -8496.3073  0.5746
   00418    0.4056   -8565.9061  0.5772
   00419    0.3940   -8596.4285  0.5771
   00420    0.4260   -8584.6256  0.5783
   00421    0.4108   -8587.8077  0.5775
   00422    0.4324   -8537.2586  0.5732
   00423    0.4164   -8548.3557  0.5763
   00424    0.4052   -8465.0820  0.5736
   00425    0.3884   -8515.2777  0.5702
   00426    0.4148   -8532.6989  0.5685
   00427    0.4180   -8524.7432  0.5650
   00428    0.4192   -8475.6049  0.5605
   00429    0.4128   -8511.1491  0.5640
   00430    0.4300   -8481.0954  0.5590
   00431    0.4120   -8518.4020  0.5626
   00432    0.3956   -8529.4755  0.5617
   00433    0.4020   -8561.9019  0.5609
   00434    0.4108   -8538.8994  0.5625
   00435    0.4104   -8501.2740  0.5611
   00436    0.4236   -8433.6863  0.5551
   00437    0.4312   -8412.3064  0.5544
   00438    0.4284   -8422.0180  0.5527
   00439    0.4248   -8437.0449  0.5450
   00440    0.3968   -8449.8937  0.5483
   00441    0.4288   -8443.1461  0.5472
   00442    0.4188   -8463.0893  0.5438
   00443    0.3956   -8463.1733  0.5485
   00444    0.4084   -8494.7911  0.5447
   00445    0.4020   -8514.0721  0.5442
   00446    0.4272   -8503.7886  0.5460
   00447    0.4296   -8471.8280  0.5455
   00448    0.4032   -8480.9166  0.5449
   00449    0.4168   -8458.2204  0.5443
   00450    0.4076   -8469.3140  0.5478
   00451    0.4136   -8471.1256  0.5405
   00452    0.4292   -8481.8112  0.5434
   00453    0.3952   -8490.5992  0.5409
   00454    0.4060   -8449.4550  0.5442
   00455    0.4296   -8482.7078  0.5483
   00456    0.4236   -8506.5430  0.5492
   00457    0.4208   -8497.9914  0.5483
   00458    0.4076   -8511.9919  0.5508
   00459    0.4128   -8533.9449  0.5446
   00460    0.4160   -8493.6970  0.5402
   00461    0.3960   -8529.8416  0.5476
   00462    0.4056   -8516.4745  0.5484
   00463    0.3980   -8517.3112  0.5479
   00464    0.4256   -8499.7428  0.5436
   00465    0.3992   -8521.3946  0.5437
   00466    0.4284   -8517.2245  0.5481
   00467    0.3968   -8539.3305  0.5564
   00468    0.4092   -8546.2232  0.5590
   00469    0.3984   -8557.0722  0.5649
   00470    0.4092   -8555.2546  0.5592
   00471    0.4156   -8544.2760  0.5554
   00472    0.4012   -8571.0859  0.5648
   00473    0.4108   -8581.2026  0.5726
   00474    0.4184   -8564.9980  0.5736
   00475    0.4164   -8514.4916  0.5792
   00476    0.4028   -8469.8435  0.5760
   00477    0.3932   -8472.1374  0.5844
   00478    0.3968   -8487.2141  0.5915
   00479    0.3940   -8485.4846  0.5986
   00480    0.4176   -8458.5659  0.5964
   00481    0.4196   -8504.1304  0.5974
   00482    0.4124   -8500.6326  0.5988
   00483    0.3948   -8497.1618  0.5986
   00484    0.4080   -8552.1010  0.6025
   00485    0.4044   -8570.9007  0.6068
   00486    0.4148   -8544.1998  0.6047
   00487    0.4040   -8566.7062  0.6047
   00488    0.3944   -8570.5298  0.6110
   00489    0.3988   -8581.2991  0.6099
   00490    0.4060   -8513.2262  0.6134
   00491    0.4172   -8534.1949  0.6178
   00492    0.4064   -8519.1671  0.6123
   00493    0.4280   -8483.2523  0.6095
   00494    0.4172   -8476.8455  0.6111
   00495    0.4152   -8535.7123  0.6152
   00496    0.3984   -8541.8027  0.6240
   00497    0.4144   -8545.8165  0.6194
   00498    0.4092   -8503.1740  0.6194
   00499    0.4128   -8522.1510  0.6269
   00500    0.3956   -8520.9071  0.6235
