#=====================================================
# File created:        Wed-19-Feb-2025-at-05-42-27PM
# Size of lattice:     50x50
# Number of MC steps:  500
# Reduced temperature: 0.500
# Run time (s):        10.626370
#=====================================================
# MC step:  Ratio:     Energy:   Order:
#=====================================================
   00000    0.5000   -2340.5560  0.2523
   00001    0.6684   -3663.9330  0.2573
   00002    0.6128   -4471.2625  0.2616
   00003    0.5788   -5038.1321  0.2568
   00004    0.5552   -5516.0738  0.2634
   00005    0.5460   -5858.0921  0.2724
   00006    0.5192   -6136.7150  0.2694
   00007    0.5108   -6419.7752  0.2743
   00008    0.5024   -6562.2098  0.2763
   00009    0.4972   -6730.9526  0.2854
   00010    0.4872   -6843.4663  0.2837
   00011    0.4632   -6980.8824  0.2868
   00012    0.4848   -7081.1549  0.2869
   00013    0.4664   -7231.2309  0.2852
   00014    0.4456   -7327.4532  0.2842
   00015    0.4476   -7309.1222  0.2800
   00016    0.4548   -7404.6030  0.2902
   00017    0.4556   -7488.9633  0.2934
   00018    0.4420   -7570.5077  0.2915
   00019    0.4416   -7616.9346  0.2929
   00020    0.4544   -7669.1443  0.2975
   00021    0.4508   -7698.3413  0.3002
   00022    0.4520   -7724.1488  0.3035
   00023    0.4228   -7779.3699  0.3057
   00024    0.4332   -7802.6282  0.3017
   00025    0.4240   -7834.1141  0.3020
   00026    0.4496   -7865.9612  0.3006
   00027    0.4456   -7832.3012  0.2997
   00028    0.4320   -7911.5215  0.3027
   00029    0.4348   -7945.7192  0.3045
   00030    0.4300   -7934.4739  0.3009
   00031    0.4600   -7980.3180  0.3073
   00032    0.4256   -8007.8123  0.3066
   00033    0.4228   -8028.8049  0.3100
   00034    0.4332   -8033.5384  0.3156
   00035    0.4276   -8016.2918  0.3144
   00036    0.4268   -8066.1990  0.3121
   00037    0.4180   -8087.7294  0.3131
   00038    0.4444   -8064.3816  0.3049
   00039    0.4392   -8133.9582  0.3031
   00040    0.4464   -8125.9461  0.3005
   00041    0.4068   -8160.1561  0.2953
   00042    0.4264   -8126.9554  0.2926
   00043    0.4204   -8168.9722  0.2966
   00044    0.4104   -8156.3610  0.2945
   00045    0.4192   -8129.4559  0.3002
   00046    0.4356   -8150.7511  0.3018
   00047    0.4348   -8173.8123  0.3035
   00048    0.4096   -8216.6514  0.2958
   00049    0.4320   -8222.8005  0.2949
   00050    0.4412   -8187.2340  0.2945
   00051    0.4244   -8206.9521  0.2953
   00052    0.4280   -8211.9579  0.3005
   00053    0.4188   -8180.3940  0.3003
   00054    0.4252   -8193.3899  0.3106
   00055    0.4308   -8181.6068  0.3121
   00056    0.4240   -8204.4394  0.3109
   00057    0.4244   -8224.1375  0.3093
   00058    0.4220   -8182.6695  0.3050
   00059    0.4268   -8151.5985  0.3053
   00060    0.4064   -8168.8660  0.3069
   00061    0.4176   -8210.3708  0.3070
   00062    0.4200   -8205.9079  0.3113
   00063    0.4104   -8249.6921  0.3142
   00064    0.4424   -8260.1532  0.3128
   00065    0.4216   -8248.8604  0.3090
   00066    0.4124   -8222.7229  0.3053
   00067    0.4384   -8290.9870  0.3029
   00068    0.4236   -8308.9434  0.3026
   00069    0.4324   -8313.6639  0.3026
   00070    0.4036   -8272.4852  0.3004
   00071    0.4296   -8276.1540  0.3008
   00072    0.4388   -8317.7472  0.3039
   00073    0.4092   -8314.0892  0.3012
   00074    0.4236   -8284.1470  0.3016
   00075    0.4356   -8273.0316  0.3012
   00076    0.4264   -8258.9353  0.3034
   00077    0.3928   -8221.1516  0.3066
   00078    0.4180   -8223.8325  0.3091
   00079    0.4256   -8261.8353  0.3102
   00080    0.4304   -8231.5120  0.3090
   00081    0.4164   -8253.6174  0.3065
   00082    0.4268   -8294.7724  0.3063
   00083    0.4220   -8315.5650  0.3084
   00084    0.3932   -8322.5445  0.3080
   00085    0.4308   -8334.0105  0.3058
   00086    0.4280   -8353.3758  0.2994
   00087    0.4232   -8335.0182  0.2986
   00088    0.4208   -8326.0965  0.2993
   00089    0.4056   -8352.3542  0.2983
   00090    0.4216   -8332.1712  0.2992
   00091    0.4216   -8291.0603  0.2976
   00092    0.4080   -8261.2183  0.3014
   00093    0.4212   -8278.4072  0.2950
   00094    0.4208   -8248.5640  0.2944
   00095    0.4184   -8306.1923  0.2903
   00096    0.4120   -8323.9483  0.2847
   00097    0.4040   -8361.1459  0.2851
   00098    0.4204   -8377.8592  0.2925
   00099    0.3932   -8376.1739  0.2895
   00100    0.4072   -8426.5557  0.2868
   00101    0.3832   -8392.2017  0.2865
   00102    0.4084   -8376.4574  0.2923
   00103    0.4080   -8362.5572  0.2878
   00104    0.4236   -8418.4692  0.2884
   00105    0.4016   -8427.2719  0.2910
   00106    0.4144   -8410.9205  0.2918
   00107    0.4092   -8376.1315  0.2915
   00108    0.4144   -8382.3508  0.3005
   00109    0.4192   -8370.0133  0.3017
   00110    0.4272   -8367.9199  0.2969
   00111    0.4152   -8353.4212  0.2991
   00112    0.4068   -8337.1056  0.2987
   00113    0.4120   -8338.8747  0.2978
   00114    0.4300   -8313.1121  0.2918
   00115    0.4060   -8312.0265  0.2924
   00116    0.4032   -8352.5229  0.2943
   00117    0.4212   -8350.3282  0.2994
   00118    0.4192   -8397.7371  0.3012
   00119    0.4024   -8399.3516  0.3033
   00120    0.4120   -8389.9817  0.2990
   00121    0.4296   -8408.2782  0.2908
   00122    0.4164   -8384.8038  0.2949
   00123    0.4244   -8345.3100  0.2929
   00124    0.4096   -8348.5012  0.2897
   00125    0.4252   -8336.2285  0.2946
   00126    0.3916   -8354.5086  0.2985
   00127    0.4248   -8344.6098  0.2874
   00128    0.4224   -8329.0359  0.2877
   00129    0.4208   -8347.1071  0.2840
   00130    0.3976   -8376.8541  0.2805
   00131    0.4288   -8366.2576  0.2768
   00132    0.4124   -8331.3079  0.2730
   00133    0.4196   -8332.1272  0.2775
   00134    0.4292   -8298.3512  0.2772
   00135    0.4324   -8310.5356  0.2755
   00136    0.4128   -8381.7611  0.2787
   00137    0.4360   -8357.7051  0.2718
   00138    0.4288   -8346.6316  0.2677
   00139    0.4092   -8322.2812  0.2681
   00140    0.4328   -8333.0278  0.2680
   00141    0.4148   -8349.5736  0.2650
   00142    0.4112   -8346.0603  0.2727
   00143    0.4064   -8344.3490  0.2770
   00144    0.4172   -8303.3309  0.2763
   00145    0.4268   -8254.8362  0.2754
   00146    0.4260   -8283.4246  0.2746
   00147    0.4252   -8326.1219  0.2660
   00148    0.4228   -8339.0483  0.2659
   00149    0.4216   -8293.2173  0.2649
   00150    0.4160   -8284.3334  0.2628
   00151    0.4212   -8279.1204  0.2566
   00152    0.4176   -8344.7571  0.2629
   00153    0.4248   -8333.4925  0.2647
   00154    0.4316   -8374.5423  0.2701
   00155    0.4136   -8379.3770  0.2690
   00156    0.4168   -8363.2972  0.2748
   00157    0.4088   -8378.6606  0.2691
   00158    0.4208   -8374.5262  0.2684
   00159    0.4372   -8370.1662  0.2653
   00160    0.3980   -8385.1752  0.2712
   00161    0.4044   -8390.2471  0.2727
   00162    0.4228   -8372.1443  0.2733
   00163    0.3948   -8382.0093  0.2748
   00164    0.4012   -8374.5334  0.2778
   00165    0.4344   -8333.0550  0.2865
   00166    0.4148   -8300.5427  0.2827
   00167    0.4128   -8278.4965  0.2812
   00168    0.4200   -8316.5795  0.2798
   00169    0.4256   -8346.8899  0.2841
   00170    0.4048   -8386.8689  0.2874
   00171    0.4036   -8449.2948  0.2833
   00172    0.4092   -8460.7387  0.2855
   00173    0.4264   -8429.5534  0.2865
   00174    0.4000   -8426.5819  0.2938
   00175    0.4072   -8417.8821  0.2938
   00176    0.4220   -8403.3921  0.2884
   00177    0.4224   -8409.7156  0.2886
   00178    0.4180   -8374.7385  0.2854
   00179    0.4124   -8373.1086  0.2847
   00180    0.4200   -8392.8551  0.2843
   00181    0.4092   -8384.8661  0.2839
   00182    0.4168   -8372.6846  0.2830
   00183    0.4452   -8336.1523  0.2850
   00184    0.4124   -8346.0213  0.2866
   00185    0.4192   -8370.1658  0.2855
   00186    0.4272   -8364.6303  0.2841
   00187    0.4288   -8362.6004  0.2836
   00188    0.4272   -8315.7045  0.2863
   00189    0.4176   -8355.3225  0.2826
   00190    0.4200   -8378.5995  0.2922
   00191    0.4108   -8381.9333  0.2925
   00192    0.3956   -8371.5433  0.2885
   00193    0.4088   -8350.2806  0.2848
   00194    0.4076   -8359.5044  0.2827
   00195    0.4096   -8340.5697  0.2845
   00196    0.4132   -8405.5966  0.2899
   00197    0.4088   -8392.9912  0.2865
   00198    0.4300   -8377.4143  0.2891
   00199    0.4316   -8356.7532  0.2937
   00200    0.4280   -8332.3522  0.2937
   00201    0.4124   -8362.4746  0.2889
   00202    0.4172   -8350.2041  0.2905
   00203    0.4284   -8347.0319  0.2973
   00204    0.4236   -8342.2875  0.2880
   00205    0.4224   -8361.0650  0.2917
   00206    0.4144   -8329.9352  0.2940
   00207    0.4180   -8365.2807  0.2911
   00208    0.4204   -8427.7491  0.2939
   00209    0.3932   -8438.3945  0.2949
   00210    0.4068   -8442.5278  0.3000
   00211    0.4016   -8420.1622  0.2981
   00212    0.3976   -8381.6443  0.3042
   00213    0.4056   -8406.8014  0.3038
   00214    0.4200   -8441.4041  0.2953
   00215    0.3888   -8457.7083  0.2976
   00216    0.4152   -8450.0153  0.2948
   00217    0.4040   -8425.8334  0.2935
   00218    0.4076   -8408.3509  0.2973
   00219    0.4176   -8399.1279  0.3003
   00220    0.4040   -8340.4567  0.2982
   00221    0.4324   -8340.0374  0.2940
   00222    0.4280   -8352.4889  0.2872
   00223    0.4236   -8371.1179  0.2904
   00224    0.4132   -8370.5065  0.2901
   00225    0.4148   -8352.3706  0.2938
   00226    0.4300   -8366.9493  0.2971
   00227    0.4008   -8354.9850  0.2983
   00228    0.4348   -8362.4559  0.3016
   00229    0.4192   -8321.3516  0.2981
   00230    0.4148   -8326.9480  0.3033
   00231    0.4172   -8332.5274  0.3110
   00232    0.4336   -8384.9232  0.3158
   00233    0.4208   -8439.1603  0.3109
   00234    0.4052   -8429.6796  0.3127
   00235    0.4236   -8425.8748  0.3102
   00236    0.4080   -8399.6127  0.2978
   00237    0.4052   -8411.6935  0.3033
   00238    0.4184   -8471.6577  0.3110
   00239    0.4104   -8460.9178  0.3163
   00240    0.4184   -8445.3762  0.3046
   00241    0.4292   -8375.3248  0.3059
   00242    0.4112   -8364.4785  0.3006
   00243    0.4220   -8404.8516  0.2962
   00244    0.4360   -8393.2368  0.2937
   00245    0.4196   -8437.3847  0.2977
   00246    0.4184   -8423.6342  0.3042
   00247    0.4208   -8399.0498  0.3071
   00248    0.4116   -8356.7691  0.3077
   00249    0.4280   -8389.7426  0.3114
   00250    0.4124   -8401.2228  0.3058
   00251    0.4244   -8373.7386  0.3064
   00252    0.4092   -8387.8117  0.2971
   00253    0.4408   -8383.5145  0.2928
   00254    0.4228   -8377.7047  0.2839
   00255    0.4188   -8431.8300  0.2809
   00256    0.4048   -8461.7576  0.2758
   00257    0.3992   -8425.6258  0.2759
   00258    0.4124   -8395.5587  0.2769
   00259    0.4188   -8398.6802  0.2710
   00260    0.4372   -8404.2310  0.2766
   00261    0.3960   -8442.1425  0.2785
   00262    0.4168   -8367.8182  0.2706
   00263    0.3968   -8378.6478  0.2722
   00264    0.4364   -8370.7050  0.2745
   00265    0.4164   -8391.6380  0.2783
   00266    0.4236   -8350.8824  0.2781
   00267    0.4460   -8392.5760  0.2793
   00268    0.4324   -8366.9586  0.2899
   00269    0.4324   -8381.3465  0.2873
   00270    0.4224   -8428.3082  0.2819
   00271    0.4008   -8412.5918  0.2895
   00272    0.4004   -8446.9150  0.2784
   00273    0.4124   -8419.4710  0.2752
   00274    0.4220   -8382.3418  0.2730
   00275    0.4232   -8398.4336  0.2710
   00276    0.4092   -8391.1748  0.2754
   00277    0.4172   -8380.7022  0.2700
   00278    0.4100   -8379.8815  0.2729
   00279    0.4132   -8410.5864  0.2746
   00280    0.4096   -8418.1537  0.2763
   00281    0.4100   -8418.6923  0.2771
   00282    0.4048   -8433.3470  0.2743
   00283    0.4256   -8428.1520  0.2787
   00284    0.4052   -8396.3176  0.2769
   00285    0.4172   -8414.5181  0.2801
   00286    0.4040   -8424.2091  0.2801
   00287    0.4036   -8422.4417  0.2718
   00288    0.4172   -8428.1652  0.2704
   00289    0.4068   -8461.1202  0.2707
   00290    0.4156   -8461.6249  0.2748
   00291    0.4076   -8433.3072  0.2810
   00292    0.4104   -8433.7161  0.2807
   00293    0.4220   -8415.3590  0.2803
   00294    0.4464   -8411.2505  0.2845
   00295    0.4092   -8406.7173  0.2844
   00296    0.4116   -8431.1468  0.2814
   00297    0.4168   -8453.3664  0.2863
   00298    0.4164   -8467.6435  0.2870
   00299    0.4248   -8442.1013  0.2900
   00300    0.4084   -8434.6755  0.2935
   00301    0.4252   -8405.0286  0.2906
   00302    0.4092   -8391.1849  0.2924
   00303    0.3924   -8425.5178  0.2962
   00304    0.4284   -8369.3968  0.2883
   00305    0.4332   -8360.6621  0.2858
   00306    0.4288   -8304.1314  0.2886
   00307    0.4204   -8346.9925  0.2950
   00308    0.4200   -8335.4741  0.2959
   00309    0.4024   -8395.3230  0.2989
   00310    0.4296   -8363.5626  0.2945
   00311    0.3984   -8385.0074  0.2987
   00312    0.4156   -8390.8033  0.2891
   00313    0.4204   -8434.2631  0.2881
   00314    0.4256   -8475.6167  0.2891
   00315    0.4004   -8434.8650  0.2859
   00316    0.4344   -8429.5436  0.2916
   00317    0.4344   -8407.3063  0.2981
   00318    0.3936   -8409.4223  0.2952
   00319    0.4212   -8455.4169  0.2933
   00320    0.4132   -8443.0504  0.2893
   00321    0.4316   -8478.7042  0.2967
   00322    0.4148   -8467.3223  0.2976
   00323    0.4024   -8496.9246  0.2993
   00324    0.4124   -8455.8479  0.3037
   00325    0.4004   -8492.0458  0.3042
   00326    0.4224   -8504.2485  0.3060
   00327    0.4040   -8496.4668  0.2988
   00328    0.4228   -8432.4247  0.3035
   00329    0.4140   -8468.3471  0.2972
   00330    0.3968   -8462.5783  0.2974
   00331    0.3976   -8480.0335  0.2916
   00332    0.4192   -8487.3923  0.2930
   00333    0.3968   -8402.9049  0.2913
   00334    0.4272   -8440.5282  0.2955
   00335    0.3964   -8442.6211  0.2942
   00336    0.4164   -8471.1564  0.2939
   00337    0.4216   -8498.8800  0.2885
   00338    0.3860   -8486.8392  0.2854
   00339    0.4012   -8517.2384  0.2900
   00340    0.4208   -8498.7904  0.2929
   00341    0.4192   -8441.3551  0.2945
   00342    0.4316   -8432.3394  0.2987
   00343    0.4120   -8412.6536  0.2983
   00344    0.4152   -8463.5162  0.2943
   00345    0.4140   -8452.7490  0.2870
   00346    0.4272   -8440.9404  0.2882
   00347    0.4196   -8456.1239  0.2852
   00348    0.4160   -8499.7990  0.2846
   00349    0.4264   -8482.6188  0.2890
   00350    0.4156   -8455.5695  0.2901
   00351    0.4152   -8455.5814  0.2935
   00352    0.4148   -8508.2618  0.3023
   00353    0.4128   -8460.1093  0.3083
   00354    0.4312   -8469.9170  0.3090
   00355    0.4316   -8429.1046  0.3081
   00356    0.4112   -8403.8383  0.3041
   00357    0.4232   -8405.0091  0.3027
   00358    0.3924   -8434.9969  0.3047
   00359    0.4020   -8404.8615  0.3012
   00360    0.4088   -8436.3914  0.3013
   00361    0.4096   -8436.2792  0.3009
   00362    0.4280   -8475.7553  0.3050
   00363    0.4204   -8462.5185  0.3040
   00364    0.4072   -8431.6700  0.3053
   00365    0.4320   -8403.8936  0.3077
   00366    0.4136   -8435.9885  0.3046
   00367    0.4240   -8469.9643  0.3017
   00368    0.4032   -8514.1729  0.2958
   00369    0.4112   -8498.4454  0.2941
   00370    0.4048   -8529.7400  0.2973
   00371    0.4036   -8501.0243  0.2952
   00372    0.4276   -8463.3354  0.2934
   00373    0.4148   -8415.0198  0.2929
   00374    0.4220   -8383.2177  0.2878
   00375    0.4228   -8406.1243  0.2824
   00376    0.4088   -8418.3665  0.2873
   00377    0.4168   -8400.1056  0.2862
   00378    0.4304   -8424.9495  0.2953
   00379    0.4232   -8424.5655  0.2909
   00380    0.4144   -8408.9008  0.2893
   00381    0.4056   -8409.9696  0.2861
   00382    0.4080   -8402.7569  0.2922
   00383    0.4260   -8449.1002  0.2899
   00384    0.4160   -8465.3360  0.2923
   00385    0.4156   -8471.2184  0.2951
   00386    0.4104   -8492.2357  0.2962
   00387    0.4108   -8488.9556  0.2990
   00388    0.4032   -8501.7825  0.2976
   00389    0.4080   -8455.2361  0.3013
   00390    0.4020   -8497.1712  0.3029
   00391    0.3960   -8478.4412  0.3031
   00392    0.4168   -8477.7855  0.3018
   00393    0.4040   -8501.9278  0.3035
   00394    0.4152   -8514.3328  0.3025
   00395    0.4216   -8483.0379  0.3073
   00396    0.4004   -8452.5215  0.3052
   00397    0.4108   -8405.7357  0.3030
   00398    0.4124   -8463.7851  0.3029
   00399    0.4012   -8467.0776  0.3116
   00400    0.4084   -8524.9620  0.3153
   00401    0.3988   -8507.1207  0.3072
   00402    0.4092   -8510.3538  0.3058
   00403    0.4016   -8494.1302  0.3037
   00404    0.4032   -8472.7187  0.3038
   00405    0.4240   -8482.2639  0.3073
   00406    0.4180   -8443.3744  0.3044
   00407    0.4092   -8482.4678  0.3003
   00408    0.4100   -8450.4305  0.3008
   00409    0.4060   -8456.2044  0.3059
   00410    0.4228   -8487.9706  0.3040
   00411    0.3984   -8480.3643  0.3029
   00412    0.4160   -8491.2266  0.3029
   00413    0.4136   -8440.4855  0.3033
   00414    0.4064   -8424.7512  0.3047
   00415    0.4292   -8466.1528  0.3001
   00416    0.4184   -8436.3737  0.3017
   00417    0.4164   -8417.3727  0.2942
   00418    0.4068   -8404.1928  0.2975
   00419    0.3944   -8490.0539  0.2952
   00420    0.4208   -8478.9151  0.2958
   00421    0.4104   -8424.4416  0.2909
   00422    0.4172   -8432.0360  0.2934
   00423    0.4140   -8420.5451  0.2929
   00424    0.4144   -8434.8445  0.2949
   00425    0.4012   -8421.5948  0.2919
   00426    0.4024   -8426.4806  0.2953
   00427    0.4116   -8417.4431  0.3013
   00428    0.4108   -8372.2214  0.3001
   00429    0.4176   -8378.9409  0.3017
   00430    0.4068   -8393.6220  0.2972
   00431    0.4152   -8387.9966  0.2944
   00432    0.4100   -8419.8151  0.2925
   00433    0.4160   -8455.3351  0.2931
   00434    0.4248   -8439.3990  0.2976
   00435    0.3992   -8441.0432  0.2970
   00436    0.4052   -8395.6412  0.2999
   00437    0.4156   -8387.6532  0.2956
   00438    0.4064   -8394.2549  0.2933
   00439    0.4248   -8403.1469  0.2975
   00440    0.4152   -8407.2512  0.3066
   00441    0.4168   -8434.2423  0.3058
   00442    0.4200   -8437.3149  0.3109
   00443    0.4192   -8426.7162  0.3165
   00444    0.4076   -8442.9862  0.3124
   00445    0.4160   -8484.4737  0.3085
   00446    0.3964   -8469.1959  0.3068
   00447    0.4100   -8470.8736  0.3048
   00448    0.4336   -8498.1763  0.3065
   00449    0.3980   -8501.9107  0.3076
   00450    0.4236   -8496.1522  0.3032
   00451    0.4232   -8495.5770  0.2943
   00452    0.4136   -8446.2347  0.2912
   00453    0.4000   -8436.5594  0.2949
   00454    0.4192   -8457.5690  0.2913
   00455    0.4132   -8428.0141  0.2884
   00456    0.4080   -8451.0091  0.2910
   00457    0.4012   -8450.3758  0.2881
   00458    0.4056   -8442.2749  0.2877
   00459    0.4128   -8447.0739  0.2828
   00460    0.4192   -8445.6948  0.2834
   00461    0.4088   -8484.4836  0.2752
   00462    0.4080   -8489.6260  0.2714
   00463    0.4364   -8476.9099  0.2777
   00464    0.3980   -8479.9430  0.2826
   00465    0.4084   -8448.9852  0.2821
   00466    0.4304   -8441.4804  0.2864
   00467    0.4216   -8440.7999  0.2925
   00468    0.3956   -8458.5989  0.2940
   00469    0.4176   -8430.2634  0.2934
   00470    0.4040   -8475.1844  0.3032
   00471    0.4300   -8496.3567  0.3011
   00472    0.4264   -8490.0690  0.2968
   00473    0.3900   -8481.1675  0.2992
   00474    0.4096   -8492.2474  0.2948
   00475    0.4048   -8491.1660  0.2912
   00476    0.4196   -8536.2547  0.2951
   00477    0.4052   -8552.4966  0.2957
   00478    0.4092   -8525.8665  0.2929
   00479    0.4140   -8494.6520  0.2960
   00480    0.4116   -8505.1656  0.2938
   00481    0.4204   -8523.6508  0.2926
   00482    0.4272   -8476.3247  0.2895
   00483    0.4000   -8429.6282  0.2934
   00484    0.4088   -8438.9034  0.2931
   00485    0.4220   -8432.7539  0.2945
   00486    0.4228   -8477.1784  0.2950
   00487    0.4264   -8465.8299  0.2883
   00488    0.4072   -8463.6521  0.2900
   00489    0.4156   -8393.8576  0.2891
   00490    0.4148   -8360.0244  0.2922
   00491    0.4228   -8384.7537  0.2897
   00492    0.4072   -8364.1580  0.2933
   00493    0.4028   -8411.9595  0.3000
   00494    0.4232   -8464.3511  0.2959
   00495    0.4076   -8461.7667  0.2920
   00496    0.4176   -8461.5922  0.2905
   00497    0.4056   -8428.4400  0.2984
   00498    0.4116   -8415.5852  0.3014
   00499    0.4184   -8480.7249  0.3037
   00500    0.4212   -8481.1346  0.3067
