#=====================================================
# File created:        Sun-23-Feb-2025-at-10-09-51AM
# Size of lattice:     150x150
# Number of MC steps:  500
# Reduced temperature: 0.500
# Run time (s):        2.852376
#=====================================================
# MC step:  Ratio:     Energy:   Order:
#=====================================================
   00000    0.5000  -22476.8379  0.2512
   00001    0.6757  -33523.8479  0.2528
   00002    0.6166  -40473.7319  0.2573
   00003    0.5842  -45645.7128  0.2582
   00004    0.5567  -49568.9578  0.2579
   00005    0.5325  -52429.2910  0.2588
   00006    0.5200  -54839.3479  0.2573
   00007    0.5094  -57068.1938  0.2579
   00008    0.5036  -58741.4018  0.2587
   00009    0.4880  -60276.4560  0.2578
   00010    0.4888  -61572.5627  0.2568
   00011    0.4736  -62614.4929  0.2577
   00012    0.4743  -63587.1891  0.2577
   00013    0.4676  -64327.0576  0.2599
   00014    0.4598  -65167.4536  0.2599
   00015    0.4591  -65925.4849  0.2624
   00016    0.4620  -66449.3974  0.2630
   00017    0.4544  -67055.0282  0.2621
   00018    0.4549  -67428.5415  0.2624
   00019    0.4454  -67850.3953  0.2616
   00020    0.4508  -68263.0907  0.2630
   00021    0.4460  -68777.5746  0.2657
   00022    0.4419  -69126.8980  0.2646
   00023    0.4448  -69439.2093  0.2674
   00024    0.4400  -69701.2922  0.2670
   00025    0.4441  -70088.2481  0.2679
   00026    0.4389  -70402.7028  0.2699
   00027    0.4368  -70551.0109  0.2720
   00028    0.4385  -70909.7343  0.2740
   00029    0.4383  -70990.8793  0.2743
   00030    0.4369  -71191.6779  0.2736
   00031    0.4330  -71263.6253  0.2736
   00032    0.4345  -71507.7661  0.2735
   00033    0.4315  -71593.3847  0.2709
   00034    0.4339  -71697.0925  0.2705
   00035    0.4375  -71810.3121  0.2703
   00036    0.4347  -72002.6865  0.2696
   00037    0.4304  -72125.3049  0.2726
   00038    0.4284  -72241.6405  0.2740
   00039    0.4255  -72378.5233  0.2752
   00040    0.4269  -72360.2321  0.2778
   00041    0.4274  -72542.9850  0.2777
   00042    0.4244  -72458.3965  0.2781
   00043    0.4266  -72612.9200  0.2782
   00044    0.4340  -72719.1952  0.2799
   00045    0.4266  -72728.4928  0.2790
   00046    0.4296  -72803.0333  0.2809
   00047    0.4277  -72959.8880  0.2795
   00048    0.4295  -72915.8489  0.2801
   00049    0.4292  -72899.4715  0.2810
   00050    0.4230  -73043.1734  0.2830
   00051    0.4214  -73060.9988  0.2808
   00052    0.4304  -73077.2082  0.2799
   00053    0.4263  -73026.1951  0.2807
   00054    0.4259  -73240.4884  0.2817
   00055    0.4264  -73383.0160  0.2842
   00056    0.4292  -73366.1061  0.2840
   00057    0.4236  -73414.3267  0.2848
   00058    0.4269  -73450.5275  0.2867
   00059    0.4307  -73436.5481  0.2870
   00060    0.4188  -73609.7308  0.2879
   00061    0.4158  -73750.9001  0.2899
   00062    0.4205  -73769.1097  0.2915
   00063    0.4215  -73807.3067  0.2900
   00064    0.4205  -73703.6346  0.2891
   00065    0.4302  -73855.1385  0.2891
   00066    0.4239  -73907.4468  0.2878
   00067    0.4183  -73878.5823  0.2872
   00068    0.4209  -73797.7787  0.2877
   00069    0.4255  -73912.9329  0.2895
   00070    0.4160  -73726.0271  0.2906
   00071    0.4234  -73980.1543  0.2901
   00072    0.4298  -74164.2260  0.2890
   00073    0.4248  -74265.7547  0.2891
   00074    0.4172  -74170.6079  0.2889
   00075    0.4245  -74335.1246  0.2897
   00076    0.4221  -74388.1682  0.2899
   00077    0.4208  -74477.6413  0.2899
   00078    0.4126  -74515.5491  0.2913
   00079    0.4243  -74427.2059  0.2898
   00080    0.4238  -74436.6484  0.2914
   00081    0.4184  -74649.2963  0.2919
   00082    0.4218  -74532.5855  0.2936
   00083    0.4221  -74546.9884  0.2908
   00084    0.4182  -74496.8297  0.2903
   00085    0.4233  -74461.3876  0.2903
   00086    0.4186  -74438.1078  0.2924
   00087    0.4233  -74626.9463  0.2924
   00088    0.4163  -74651.9316  0.2938
   00089    0.4164  -74687.3628  0.2951
   00090    0.4158  -74635.9003  0.2975
   00091    0.4186  -74542.1996  0.2966
   00092    0.4209  -74471.0022  0.2947
   00093    0.4176  -74622.5439  0.2941
   00094    0.4199  -74525.1364  0.2928
   00095    0.4192  -74756.7534  0.2912
   00096    0.4156  -74721.9083  0.2905
   00097    0.4208  -74600.7858  0.2921
   00098    0.4144  -74843.6186  0.2918
   00099    0.4196  -74750.3983  0.2914
   00100    0.4207  -74842.0892  0.2912
   00101    0.4190  -74763.0338  0.2902
   00102    0.4110  -74786.8481  0.2900
   00103    0.4193  -74805.4763  0.2904
   00104    0.4160  -74975.4808  0.2939
   00105    0.4189  -74830.6253  0.2936
   00106    0.4170  -74791.7079  0.2942
   00107    0.4168  -74909.3070  0.2962
   00108    0.4171  -74838.4399  0.2970
   00109    0.4208  -74776.2597  0.2961
   00110    0.4203  -74903.8594  0.2972
   00111    0.4173  -74832.7837  0.2972
   00112    0.4241  -74737.7235  0.2984
   00113    0.4199  -74795.5316  0.3004
   00114    0.4170  -74962.5553  0.3010
   00115    0.4181  -74977.0119  0.3036
   00116    0.4180  -75111.6608  0.3043
   00117    0.4186  -75183.3859  0.3041
   00118    0.4168  -75048.5850  0.3032
   00119    0.4118  -75074.0258  0.3030
   00120    0.4210  -75047.4569  0.3029
   00121    0.4192  -75173.8032  0.3046
   00122    0.4123  -75272.8710  0.3042
   00123    0.4183  -75269.7232  0.3049
   00124    0.4201  -75139.2957  0.3059
   00125    0.4178  -75058.5914  0.3084
   00126    0.4208  -74963.1816  0.3090
   00127    0.4184  -74918.3441  0.3097
   00128    0.4231  -75116.6910  0.3091
   00129    0.4165  -75229.0277  0.3105
   00130    0.4128  -75118.4718  0.3100
   00131    0.4164  -75326.4526  0.3103
   00132    0.4159  -75318.4539  0.3122
   00133    0.4145  -75434.5341  0.3130
   00134    0.4143  -75481.0702  0.3139
   00135    0.4167  -75453.1198  0.3172
   00136    0.4176  -75364.0708  0.3186
   00137    0.4114  -75366.6017  0.3189
   00138    0.4156  -75344.3976  0.3209
   00139    0.4137  -75199.9239  0.3225
   00140    0.4161  -75265.1371  0.3233
   00141    0.4195  -75325.5178  0.3219
   00142    0.4162  -75474.9558  0.3213
   00143    0.4164  -75343.0486  0.3238
   00144    0.4197  -75421.6326  0.3222
   00145    0.4166  -75505.5649  0.3220
   00146    0.4228  -75412.1205  0.3212
   00147    0.4126  -75433.3704  0.3204
   00148    0.4144  -75506.1514  0.3199
   00149    0.4163  -75426.0531  0.3204
   00150    0.4162  -75488.2340  0.3196
   00151    0.4188  -75542.8547  0.3214
   00152    0.4219  -75554.1567  0.3227
   00153    0.4170  -75457.0042  0.3230
   00154    0.4132  -75407.2222  0.3213
   00155    0.4166  -75227.8508  0.3225
   00156    0.4111  -75249.4087  0.3250
   00157    0.4127  -75397.1064  0.3272
   00158    0.4176  -75407.9898  0.3271
   00159    0.4144  -75501.5744  0.3293
   00160    0.4168  -75493.0721  0.3313
   00161    0.4220  -75517.6783  0.3320
   00162    0.4093  -75565.9306  0.3302
   00163    0.4170  -75608.3327  0.3327
   00164    0.4130  -75618.5706  0.3345
   00165    0.4120  -75671.3931  0.3351
   00166    0.4143  -75566.7193  0.3360
   00167    0.4189  -75719.3844  0.3361
   00168    0.4133  -75627.0249  0.3350
   00169    0.4134  -75569.2819  0.3322
   00170    0.4095  -75568.7359  0.3334
   00171    0.4152  -75588.5856  0.3338
   00172    0.4146  -75682.9192  0.3334
   00173    0.4149  -75714.5584  0.3328
   00174    0.4131  -75667.5748  0.3366
   00175    0.4165  -75761.6928  0.3368
   00176    0.4103  -75683.1839  0.3387
   00177    0.4175  -75717.8819  0.3401
   00178    0.4174  -75792.7749  0.3404
   00179    0.4169  -75829.0925  0.3413
   00180    0.4137  -75674.7023  0.3435
   00181    0.4163  -75705.6755  0.3435
   00182    0.4170  -75743.6914  0.3427
   00183    0.4216  -75725.4128  0.3433
   00184    0.4127  -75727.2991  0.3423
   00185    0.4183  -75900.4075  0.3410
   00186    0.4156  -75805.6655  0.3408
   00187    0.4180  -75860.5725  0.3401
   00188    0.4118  -75847.0926  0.3397
   00189    0.4220  -75825.6741  0.3420
   00190    0.4139  -75765.7493  0.3432
   00191    0.4150  -75742.4497  0.3434
   00192    0.4150  -75942.5237  0.3417
   00193    0.4140  -75914.0482  0.3398
   00194    0.4119  -75920.2547  0.3403
   00195    0.4144  -76001.9120  0.3402
   00196    0.4123  -75963.5488  0.3410
   00197    0.4203  -75959.9101  0.3414
   00198    0.4157  -75998.0705  0.3418
   00199    0.4109  -75945.4482  0.3436
   00200    0.4187  -75871.1627  0.3447
   00201    0.4193  -75933.5888  0.3458
   00202    0.4141  -75848.6837  0.3453
   00203    0.4144  -75950.0764  0.3445
   00204    0.4175  -76025.5850  0.3437
   00205    0.4112  -76049.3782  0.3415
   00206    0.4113  -76045.5818  0.3383
   00207    0.4073  -76012.3939  0.3378
   00208    0.4139  -75952.0546  0.3375
   00209    0.4196  -76035.9676  0.3382
   00210    0.4154  -76062.5885  0.3388
   00211    0.4119  -76062.4612  0.3391
   00212    0.4185  -76121.3645  0.3389
   00213    0.4116  -76141.4566  0.3378
   00214    0.4152  -76106.6019  0.3379
   00215    0.4115  -76267.7014  0.3389
   00216    0.4131  -76055.9703  0.3384
   00217    0.4134  -75853.9912  0.3391
   00218    0.4148  -75884.6905  0.3395
   00219    0.4104  -76022.3846  0.3404
   00220    0.4142  -76061.8833  0.3404
   00221    0.4144  -76063.3272  0.3411
   00222    0.4129  -75978.8546  0.3390
   00223    0.4176  -75874.2869  0.3409
   00224    0.4177  -75808.7737  0.3404
   00225    0.4147  -75895.6322  0.3391
   00226    0.4144  -76018.5382  0.3384
   00227    0.4159  -75885.6483  0.3373
   00228    0.4148  -75887.9789  0.3368
   00229    0.4123  -75961.5846  0.3339
   00230    0.4147  -75927.8814  0.3367
   00231    0.4105  -75976.0171  0.3387
   00232    0.4103  -76080.0003  0.3396
   00233    0.4123  -76149.7170  0.3392
   00234    0.4149  -76134.2542  0.3371
   00235    0.4204  -76275.1064  0.3363
   00236    0.4177  -76119.7337  0.3385
   00237    0.4120  -75993.7027  0.3378
   00238    0.4172  -75933.9939  0.3387
   00239    0.4107  -75938.1034  0.3387
   00240    0.4124  -75921.7430  0.3380
   00241    0.4110  -75958.4496  0.3375
   00242    0.4102  -76105.4869  0.3399
   00243    0.4167  -76020.4561  0.3391
   00244    0.4148  -75988.0515  0.3369
   00245    0.4115  -75965.7300  0.3361
   00246    0.4131  -75995.8994  0.3349
   00247    0.4148  -76120.9140  0.3355
   00248    0.4126  -76082.4338  0.3351
   00249    0.4149  -76152.5631  0.3373
   00250    0.4054  -76207.9517  0.3380
   00251    0.4101  -76331.4600  0.3384
   00252    0.4160  -76301.3024  0.3394
   00253    0.4083  -76219.3835  0.3394
   00254    0.4080  -76077.5461  0.3406
   00255    0.4150  -76008.2438  0.3418
   00256    0.4194  -76032.4437  0.3425
   00257    0.4065  -76043.4822  0.3432
   00258    0.4150  -76100.0379  0.3441
   00259    0.4160  -76158.3923  0.3448
   00260    0.4141  -76103.1050  0.3464
   00261    0.4225  -76085.9667  0.3454
   00262    0.4123  -76051.7450  0.3472
   00263    0.4039  -76147.6674  0.3472
   00264    0.4068  -76234.9998  0.3472
   00265    0.4051  -76250.3770  0.3482
   00266    0.4172  -76304.6532  0.3469
   00267    0.4130  -76424.7403  0.3494
   00268    0.4085  -76504.9874  0.3476
   00269    0.4135  -76465.3963  0.3466
   00270    0.4061  -76502.4097  0.3460
   00271    0.4113  -76460.5804  0.3464
   00272    0.4132  -76317.1904  0.3464
   00273    0.4145  -76274.0806  0.3438
   00274    0.4084  -76290.1800  0.3432
   00275    0.4065  -76454.0829  0.3433
   00276    0.4109  -76268.5517  0.3437
   00277    0.4108  -76204.6090  0.3450
   00278    0.4120  -76249.2445  0.3444
   00279    0.4172  -76142.0723  0.3445
   00280    0.4149  -76013.9922  0.3467
   00281    0.4124  -76036.6944  0.3482
   00282    0.4131  -75991.0445  0.3452
   00283    0.4161  -75987.0538  0.3447
   00284    0.4113  -75977.5439  0.3451
   00285    0.4125  -75828.6913  0.3452
   00286    0.4163  -75929.3306  0.3455
   00287    0.4139  -76027.1485  0.3481
   00288    0.4148  -76077.3355  0.3485
   00289    0.4140  -76121.2736  0.3477
   00290    0.4152  -76167.0391  0.3477
   00291    0.4109  -76232.0350  0.3484
   00292    0.4086  -76151.0073  0.3502
   00293    0.4161  -76159.1686  0.3503
   00294    0.4111  -76214.3192  0.3493
   00295    0.4134  -76207.4077  0.3516
   00296    0.4127  -76233.2331  0.3530
   00297    0.4125  -76216.1467  0.3518
   00298    0.4107  -76342.0114  0.3497
   00299    0.4096  -76419.1241  0.3489
   00300    0.4109  -76332.5406  0.3474
   00301    0.4044  -76345.8727  0.3490
   00302    0.4188  -76353.3680  0.3504
   00303    0.4174  -76414.8604  0.3511
   00304    0.4185  -76317.7353  0.3503
   00305    0.4132  -76275.6284  0.3505
   00306    0.4107  -76335.3813  0.3471
   00307    0.4140  -76373.6207  0.3463
   00308    0.4126  -76387.2586  0.3451
   00309    0.4144  -76207.0468  0.3456
   00310    0.4100  -76234.2455  0.3466
   00311    0.4170  -76218.0591  0.3448
   00312    0.4148  -76221.6885  0.3456
   00313    0.4136  -76300.6552  0.3462
   00314    0.4079  -76317.6724  0.3473
   00315    0.4117  -76266.8658  0.3451
   00316    0.4120  -76205.9139  0.3448
   00317    0.4144  -76182.6010  0.3431
   00318    0.4110  -76196.9879  0.3438
   00319    0.4159  -76217.7474  0.3447
   00320    0.4154  -76196.4971  0.3440
   00321    0.4112  -76345.0043  0.3436
   00322    0.4123  -76382.2814  0.3452
   00323    0.4052  -76402.4095  0.3441
   00324    0.4145  -76348.5435  0.3426
   00325    0.4116  -76263.5402  0.3444
   00326    0.4109  -76308.8200  0.3455
   00327    0.4187  -76362.6408  0.3473
   00328    0.4126  -76335.6057  0.3475
   00329    0.4068  -76363.4701  0.3470
   00330    0.4173  -76393.0311  0.3472
   00331    0.4172  -76228.7395  0.3460
   00332    0.4132  -76088.9425  0.3464
   00333    0.4143  -76165.6674  0.3462
   00334    0.4127  -76174.6851  0.3473
   00335    0.4103  -76038.4320  0.3468
   00336    0.4153  -76134.4517  0.3463
   00337    0.4077  -76216.0664  0.3467
   00338    0.4141  -76159.4154  0.3472
   00339    0.4164  -76264.5156  0.3477
   00340    0.4120  -76235.9483  0.3500
   00341    0.4164  -76277.8603  0.3503
   00342    0.4159  -76230.7475  0.3503
   00343    0.4077  -76295.9787  0.3515
   00344    0.4117  -76279.7609  0.3521
   00345    0.4152  -76432.6688  0.3499
   00346    0.4056  -76436.1006  0.3513
   00347    0.4111  -76416.4961  0.3522
   00348    0.4068  -76567.9740  0.3531
   00349    0.4048  -76389.9530  0.3540
   00350    0.4122  -76236.8352  0.3534
   00351    0.4137  -76278.9557  0.3505
   00352    0.4104  -76314.6446  0.3519
   00353    0.4097  -76319.2325  0.3510
   00354    0.4139  -76268.7834  0.3507
   00355    0.4143  -76079.7642  0.3495
   00356    0.4151  -76188.7513  0.3506
   00357    0.4177  -76351.3098  0.3508
   00358    0.4052  -76193.2942  0.3511
   00359    0.4172  -76312.8192  0.3516
   00360    0.4132  -76194.6728  0.3544
   00361    0.4145  -76222.0812  0.3550
   00362    0.4136  -76193.0356  0.3543
   00363    0.4133  -76283.8156  0.3546
   00364    0.4112  -76271.3533  0.3544
   00365    0.4141  -76297.7931  0.3561
   00366    0.4135  -76333.8903  0.3547
   00367    0.4123  -76287.2887  0.3567
   00368    0.4103  -76178.5793  0.3557
   00369    0.4151  -76148.5925  0.3577
   00370    0.4128  -76197.4664  0.3572
   00371    0.4142  -76211.6228  0.3562
   00372    0.4184  -76104.8747  0.3558
   00373    0.4130  -76158.5417  0.3552
   00374    0.4132  -76184.3116  0.3570
   00375    0.4108  -76331.1174  0.3564
   00376    0.4172  -76409.7876  0.3556
   00377    0.4148  -76349.3637  0.3570
   00378    0.4093  -76354.7494  0.3564
   00379    0.4104  -76395.2933  0.3575
   00380    0.4132  -76438.1575  0.3569
   00381    0.4125  -76408.5319  0.3552
   00382    0.4126  -76396.6957  0.3544
   00383    0.4148  -76327.8344  0.3533
   00384    0.4137  -76139.3584  0.3532
   00385    0.4189  -76210.9548  0.3533
   00386    0.4123  -76380.7988  0.3546
   00387    0.4095  -76368.0403  0.3548
   00388    0.4153  -76325.4223  0.3562
   00389    0.4141  -76395.3019  0.3553
   00390    0.4117  -76559.0079  0.3555
   00391    0.4076  -76448.2657  0.3528
   00392    0.4161  -76373.2774  0.3531
   00393    0.4080  -76337.1695  0.3546
   00394    0.4112  -76409.9206  0.3547
   00395    0.4108  -76333.5579  0.3539
   00396    0.4173  -76317.2714  0.3537
   00397    0.4161  -76345.8178  0.3563
   00398    0.4124  -76411.9086  0.3562
   00399    0.4184  -76433.2158  0.3548
   00400    0.4128  -76422.0064  0.3570
   00401    0.4104  -76349.9474  0.3560
   00402    0.4094  -76463.5187  0.3561
   00403    0.4104  -76380.0307  0.3567
   00404    0.4094  -76461.8517  0.3578
   00405    0.4120  -76383.0700  0.3586
   00406    0.4155  -76434.2673  0.3579
   00407    0.4112  -76464.7790  0.3596
   00408    0.4092  -76400.0296  0.3588
   00409    0.4144  -76425.4680  0.3573
   00410    0.4100  -76451.5160  0.3588
   00411    0.4091  -76461.0211  0.3581
   00412    0.4143  -76525.2910  0.3570
   00413    0.4126  -76578.1927  0.3571
   00414    0.4058  -76547.3048  0.3565
   00415    0.4087  -76748.9091  0.3573
   00416    0.4153  -76714.1896  0.3567
   00417    0.4124  -76688.5691  0.3572
   00418    0.4135  -76592.8751  0.3556
   00419    0.4087  -76518.4400  0.3550
   00420    0.4123  -76647.2146  0.3540
   00421    0.4138  -76581.3227  0.3531
   00422    0.4072  -76593.3696  0.3534
   00423    0.4076  -76438.5677  0.3523
   00424    0.4124  -76371.8270  0.3531
   00425    0.4151  -76409.3556  0.3526
   00426    0.4142  -76544.3640  0.3520
   00427    0.4138  -76565.1329  0.3506
   00428    0.4065  -76727.3990  0.3515
   00429    0.4103  -76690.2914  0.3490
   00430    0.4061  -76606.5628  0.3503
   00431    0.4168  -76517.3368  0.3485
   00432    0.4151  -76452.0520  0.3491
   00433    0.4157  -76594.7278  0.3521
   00434    0.4128  -76648.3527  0.3523
   00435    0.4089  -76684.9673  0.3514
   00436    0.4093  -76686.8187  0.3514
   00437    0.4119  -76686.4087  0.3508
   00438    0.4106  -76595.4538  0.3485
   00439    0.4117  -76607.2748  0.3480
   00440    0.4110  -76555.4411  0.3498
   00441    0.4171  -76557.4089  0.3508
   00442    0.4131  -76452.5759  0.3511
   00443    0.4143  -76393.3609  0.3531
   00444    0.4132  -76335.2830  0.3549
   00445    0.4123  -76472.3301  0.3528
   00446    0.4114  -76527.3744  0.3520
   00447    0.4157  -76652.4268  0.3525
   00448    0.4080  -76544.6715  0.3517
   00449    0.4134  -76603.1717  0.3515
   00450    0.4121  -76603.1306  0.3493
   00451    0.4112  -76512.8586  0.3487
   00452    0.4058  -76706.9388  0.3480
   00453    0.4083  -76645.1419  0.3504
   00454    0.4123  -76450.7048  0.3520
   00455    0.4136  -76464.8573  0.3540
   00456    0.4079  -76373.1512  0.3540
   00457    0.4115  -76356.7886  0.3534
   00458    0.4110  -76324.8777  0.3549
   00459    0.4123  -76366.4917  0.3536
   00460    0.4095  -76492.7521  0.3529
   00461    0.4091  -76531.3174  0.3516
   00462    0.4126  -76448.5545  0.3490
   00463    0.4087  -76624.6942  0.3504
   00464    0.4140  -76533.3454  0.3483
   00465    0.4148  -76458.6260  0.3481
   00466    0.4124  -76509.0553  0.3471
   00467    0.4107  -76511.4618  0.3456
   00468    0.4192  -76493.2272  0.3459
   00469    0.4101  -76483.6562  0.3458
   00470    0.4107  -76370.2660  0.3470
   00471    0.4169  -76452.0130  0.3463
   00472    0.4111  -76564.9764  0.3451
   00473    0.4129  -76622.3969  0.3455
   00474    0.4124  -76514.1298  0.3457
   00475    0.4089  -76516.0629  0.3454
   00476    0.4160  -76415.7053  0.3440
   00477    0.4118  -76458.6219  0.3421
   00478    0.4098  -76437.4135  0.3416
   00479    0.4177  -76390.0093  0.3408
   00480    0.4132  -76475.0030  0.3390
   00481    0.4118  -76330.3170  0.3367
   00482    0.4082  -76332.6385  0.3369
   00483    0.4137  -76376.8469  0.3348
   00484    0.4149  -76551.2574  0.3347
   00485    0.4148  -76532.6254  0.3363
   00486    0.4132  -76500.6087  0.3359
   00487    0.4175  -76443.3382  0.3349
   00488    0.4074  -76336.9843  0.3349
   00489    0.4147  -76352.2198  0.3361
   00490    0.4106  -76228.8237  0.3357
   00491    0.4196  -76289.5141  0.3401
   00492    0.4147  -76222.7849  0.3403
   00493    0.4105  -76363.2347  0.3427
   00494    0.4118  -76207.5505  0.3438
   00495    0.4116  -76239.8760  0.3417
   00496    0.4106  -76381.8905  0.3439
   00497    0.4088  -76492.8228  0.3454
   00498    0.4108  -76236.2136  0.3443
   00499    0.4136  -76239.1011  0.3444
   00500    0.4127  -76299.4400  0.3436
