#=====================================================
# File created:        Sat-22-Feb-2025-at-08-24-18PM
# Size of lattice:     150x150
# Number of MC steps:  500
# Reduced temperature: 0.500
# Run time (s):        3.974497
#=====================================================
# MC step:  Ratio:     Energy:   Order:
#=====================================================
   00000    0.5000  -22485.6076  0.2512
   00001    0.6780  -33535.9288  0.2561
   00002    0.6301  -40459.7310  0.2565
   00003    0.5844  -45608.5697  0.2570
   00004    0.5551  -49387.9714  0.2563
   00005    0.5443  -52504.2850  0.2578
   00006    0.5168  -54737.4490  0.2605
   00007    0.5035  -56914.6443  0.2596
   00008    0.4949  -58670.6295  0.2611
   00009    0.4865  -60296.4370  0.2590
   00010    0.4896  -61647.2969  0.2584
   00011    0.4771  -62875.2017  0.2609
   00012    0.4755  -63741.1256  0.2637
   00013    0.4687  -64457.7673  0.2646
   00014    0.4616  -65288.1909  0.2635
   00015    0.4564  -65986.4020  0.2604
   00016    0.4609  -66596.6294  0.2609
   00017    0.4523  -66979.0389  0.2615
   00018    0.4573  -67485.2278  0.2631
   00019    0.4450  -67979.9121  0.2630
   00020    0.4526  -68262.3085  0.2629
   00021    0.4431  -68607.7565  0.2614
   00022    0.4512  -69036.7536  0.2594
   00023    0.4385  -69416.8672  0.2595
   00024    0.4406  -69727.8883  0.2607
   00025    0.4359  -69941.6083  0.2595
   00026    0.4397  -70014.9123  0.2601
   00027    0.4390  -70355.4467  0.2597
   00028    0.4417  -70526.0492  0.2592
   00029    0.4408  -70701.2117  0.2641
   00030    0.4304  -70829.3064  0.2668
   00031    0.4338  -71005.5161  0.2684
   00032    0.4306  -71003.0636  0.2713
   00033    0.4348  -71163.7860  0.2704
   00034    0.4378  -71376.0976  0.2704
   00035    0.4290  -71529.2195  0.2708
   00036    0.4321  -71695.8602  0.2711
   00037    0.4331  -71913.7685  0.2711
   00038    0.4364  -72014.4835  0.2720
   00039    0.4337  -72205.6768  0.2729
   00040    0.4251  -72268.3155  0.2741
   00041    0.4248  -72369.1905  0.2729
   00042    0.4294  -72362.0457  0.2745
   00043    0.4290  -72460.0213  0.2755
   00044    0.4292  -72565.3943  0.2740
   00045    0.4281  -72628.1183  0.2747
   00046    0.4264  -72844.5756  0.2747
   00047    0.4241  -72994.4057  0.2747
   00048    0.4219  -72992.9729  0.2751
   00049    0.4232  -73071.8745  0.2742
   00050    0.4218  -73080.3882  0.2734
   00051    0.4267  -73014.5648  0.2765
   00052    0.4228  -72994.5468  0.2763
   00053    0.4205  -73105.2471  0.2773
   00054    0.4255  -73155.7563  0.2781
   00055    0.4266  -73138.2089  0.2798
   00056    0.4245  -73075.8661  0.2796
   00057    0.4245  -73254.5901  0.2813
   00058    0.4271  -73450.0725  0.2814
   00059    0.4150  -73400.9602  0.2807
   00060    0.4196  -73459.4540  0.2820
   00061    0.4220  -73539.8635  0.2852
   00062    0.4218  -73697.7510  0.2866
   00063    0.4170  -73692.5232  0.2859
   00064    0.4212  -73764.2921  0.2863
   00065    0.4257  -73783.1851  0.2876
   00066    0.4198  -73802.7155  0.2860
   00067    0.4250  -73866.7127  0.2871
   00068    0.4310  -73836.6914  0.2878
   00069    0.4202  -73861.5450  0.2858
   00070    0.4189  -74076.6985  0.2850
   00071    0.4233  -74160.5957  0.2856
   00072    0.4184  -74133.8723  0.2872
   00073    0.4202  -74145.5065  0.2892
   00074    0.4245  -74203.8297  0.2888
   00075    0.4198  -74172.1276  0.2887
   00076    0.4199  -74285.5120  0.2896
   00077    0.4224  -74292.3763  0.2896
   00078    0.4203  -74326.8083  0.2899
   00079    0.4210  -74498.4151  0.2930
   00080    0.4218  -74548.1826  0.2917
   00081    0.4156  -74458.9704  0.2914
   00082    0.4148  -74470.2274  0.2921
   00083    0.4154  -74622.5325  0.2934
   00084    0.4229  -74625.7982  0.2931
   00085    0.4198  -74526.0466  0.2924
   00086    0.4214  -74606.5763  0.2930
   00087    0.4165  -74645.8156  0.2930
   00088    0.4177  -74607.9891  0.2944
   00089    0.4243  -74774.9238  0.2954
   00090    0.4236  -74940.6569  0.2936
   00091    0.4181  -75026.9543  0.2940
   00092    0.4181  -75008.4843  0.2957
   00093    0.4181  -74860.4073  0.2964
   00094    0.4133  -74876.8391  0.2973
   00095    0.4270  -74773.9074  0.2978
   00096    0.4154  -74916.3733  0.2988
   00097    0.4169  -74999.5015  0.2994
   00098    0.4114  -75026.1521  0.2989
   00099    0.4184  -74981.9930  0.2980
   00100    0.4155  -75078.3403  0.3005
   00101    0.4130  -75201.3056  0.3009
   00102    0.4160  -75136.7036  0.3005
   00103    0.4180  -75170.3002  0.3012
   00104    0.4204  -75190.9300  0.2996
   00105    0.4203  -75075.1194  0.2982
   00106    0.4178  -74969.3357  0.2981
   00107    0.4165  -75075.1571  0.2991
   00108    0.4161  -75111.4833  0.3001
   00109    0.4165  -75140.7282  0.2996
   00110    0.4156  -75223.1426  0.2983
   00111    0.4180  -75083.9146  0.2998
   00112    0.4149  -75182.0773  0.3015
   00113    0.4178  -75060.3104  0.3005
   00114    0.4166  -75151.8636  0.2991
   00115    0.4184  -75040.3118  0.2979
   00116    0.4180  -74864.5578  0.3002
   00117    0.4143  -74985.9181  0.2986
   00118    0.4182  -75116.8144  0.2990
   00119    0.4193  -75198.6773  0.2977
   00120    0.4155  -75107.8654  0.3008
   00121    0.4181  -75021.5033  0.2994
   00122    0.4128  -75122.7015  0.3006
   00123    0.4210  -75223.8736  0.3024
   00124    0.4206  -75345.5563  0.3026
   00125    0.4192  -75116.2572  0.3020
   00126    0.4161  -75231.8399  0.3026
   00127    0.4178  -75345.0057  0.3025
   00128    0.4192  -75456.7351  0.3058
   00129    0.4139  -75374.1824  0.3055
   00130    0.4152  -75405.2170  0.3072
   00131    0.4152  -75458.6867  0.3076
   00132    0.4216  -75505.1713  0.3066
   00133    0.4221  -75534.8388  0.3091
   00134    0.4129  -75600.4291  0.3081
   00135    0.4132  -75653.8573  0.3096
   00136    0.4132  -75619.1279  0.3088
   00137    0.4173  -75522.3042  0.3079
   00138    0.4172  -75575.8854  0.3100
   00139    0.4165  -75392.8075  0.3099
   00140    0.4164  -75392.6236  0.3112
   00141    0.4151  -75329.8242  0.3133
   00142    0.4127  -75360.0793  0.3132
   00143    0.4140  -75411.6651  0.3150
   00144    0.4176  -75572.9368  0.3151
   00145    0.4096  -75532.5928  0.3167
   00146    0.4205  -75458.9977  0.3159
   00147    0.4132  -75382.6506  0.3177
   00148    0.4117  -75413.9302  0.3178
   00149    0.4190  -75435.7940  0.3185
   00150    0.4138  -75558.4326  0.3193
   00151    0.4141  -75668.4978  0.3186
   00152    0.4147  -75596.6182  0.3165
   00153    0.4154  -75726.1036  0.3160
   00154    0.4103  -75554.3938  0.3192
   00155    0.4152  -75424.1291  0.3184
   00156    0.4193  -75353.1657  0.3201
   00157    0.4174  -75402.5357  0.3203
   00158    0.4126  -75414.3471  0.3209
   00159    0.4186  -75444.3968  0.3207
   00160    0.4149  -75446.4392  0.3201
   00161    0.4148  -75375.4278  0.3211
   00162    0.4188  -75282.2300  0.3221
   00163    0.4174  -75283.2300  0.3226
   00164    0.4145  -75278.7022  0.3213
   00165    0.4190  -75326.3324  0.3217
   00166    0.4096  -75347.5514  0.3228
   00167    0.4125  -75443.5536  0.3222
   00168    0.4166  -75432.9087  0.3224
   00169    0.4183  -75377.8917  0.3242
   00170    0.4143  -75468.7771  0.3261
   00171    0.4162  -75400.0963  0.3267
   00172    0.4130  -75422.9266  0.3272
   00173    0.4166  -75439.3418  0.3283
   00174    0.4166  -75571.7089  0.3271
   00175    0.4072  -75613.7906  0.3275
   00176    0.4171  -75685.9339  0.3280
   00177    0.4172  -75670.0923  0.3298
   00178    0.4125  -75610.4713  0.3304
   00179    0.4173  -75657.6570  0.3316
   00180    0.4158  -75489.7306  0.3322
   00181    0.4148  -75483.4575  0.3336
   00182    0.4140  -75657.4858  0.3359
   00183    0.4164  -75620.7231  0.3344
   00184    0.4155  -75628.3983  0.3335
   00185    0.4176  -75647.9592  0.3338
   00186    0.4196  -75656.1424  0.3329
   00187    0.4123  -75597.0986  0.3336
   00188    0.4216  -75469.7986  0.3317
   00189    0.4185  -75492.7022  0.3325
   00190    0.4112  -75593.2783  0.3345
   00191    0.4157  -75598.0077  0.3350
   00192    0.4123  -75782.8230  0.3347
   00193    0.4163  -75674.6965  0.3343
   00194    0.4216  -75817.6463  0.3339
   00195    0.4157  -75727.2175  0.3350
   00196    0.4183  -75810.8740  0.3364
   00197    0.4150  -75832.0372  0.3362
   00198    0.4143  -75821.3766  0.3367
   00199    0.4214  -75760.7199  0.3383
   00200    0.4196  -75842.7075  0.3413
   00201    0.4183  -75917.4885  0.3425
   00202    0.4140  -75730.4122  0.3420
   00203    0.4138  -75851.3532  0.3436
   00204    0.4096  -75923.2137  0.3442
   00205    0.4151  -75753.6794  0.3449
   00206    0.4186  -75844.7484  0.3420
   00207    0.4150  -75806.8854  0.3436
   00208    0.4183  -75737.8949  0.3433
   00209    0.4106  -75791.2145  0.3444
   00210    0.4127  -75858.8665  0.3450
   00211    0.4131  -75860.3216  0.3439
   00212    0.4109  -75723.6746  0.3420
   00213    0.4126  -75834.5304  0.3426
   00214    0.4103  -75914.1545  0.3416
   00215    0.4132  -75897.1732  0.3415
   00216    0.4117  -75846.0143  0.3411
   00217    0.4123  -75727.6774  0.3433
   00218    0.4161  -75710.6740  0.3427
   00219    0.4126  -75734.4627  0.3421
   00220    0.4151  -75737.5148  0.3429
   00221    0.4116  -75906.5482  0.3404
   00222    0.4175  -75869.5138  0.3406
   00223    0.4127  -75750.3202  0.3418
   00224    0.4091  -75999.3158  0.3415
   00225    0.4170  -75946.3049  0.3420
   00226    0.4137  -75871.2673  0.3420
   00227    0.4097  -75934.2102  0.3417
   00228    0.4119  -75937.8756  0.3408
   00229    0.4126  -75784.9725  0.3423
   00230    0.4119  -75804.2284  0.3426
   00231    0.4172  -75853.3620  0.3450
   00232    0.4113  -75746.8415  0.3464
   00233    0.4187  -75789.3067  0.3459
   00234    0.4142  -75874.1465  0.3464
   00235    0.4132  -75878.5997  0.3461
   00236    0.4200  -76062.4771  0.3475
   00237    0.4130  -76001.8139  0.3474
   00238    0.4163  -76072.7077  0.3474
   00239    0.4150  -76044.2843  0.3463
   00240    0.4111  -76054.7835  0.3441
   00241    0.4133  -76107.6853  0.3462
   00242    0.4183  -76103.6840  0.3454
   00243    0.4105  -76120.4497  0.3468
   00244    0.4135  -76097.9144  0.3479
   00245    0.4124  -75979.6706  0.3485
   00246    0.4099  -75994.5977  0.3467
   00247    0.4080  -76063.6971  0.3487
   00248    0.4214  -76010.3366  0.3467
   00249    0.4152  -76037.1015  0.3476
   00250    0.4177  -75990.3360  0.3479
   00251    0.4131  -75954.8956  0.3485
   00252    0.4146  -75989.3484  0.3492
   00253    0.4172  -75938.4350  0.3484
   00254    0.4196  -76020.1606  0.3489
   00255    0.4125  -75998.7804  0.3477
   00256    0.4147  -76030.7544  0.3492
   00257    0.4101  -76113.7452  0.3497
   00258    0.4155  -75973.1221  0.3502
   00259    0.4152  -75813.7097  0.3527
   00260    0.4161  -75963.8251  0.3543
   00261    0.4157  -75931.3715  0.3501
   00262    0.4191  -76012.2191  0.3503
   00263    0.4108  -76071.6670  0.3521
   00264    0.4102  -76147.5585  0.3521
   00265    0.4188  -76101.3761  0.3509
   00266    0.4202  -76045.5392  0.3532
   00267    0.4127  -76013.6992  0.3525
   00268    0.4138  -75993.0330  0.3522
   00269    0.4094  -75940.3846  0.3516
   00270    0.4122  -75994.8466  0.3521
   00271    0.4070  -75921.2333  0.3553
   00272    0.4113  -75860.5581  0.3548
   00273    0.4156  -76084.9625  0.3550
   00274    0.4073  -76035.0765  0.3542
   00275    0.4183  -75916.0695  0.3543
   00276    0.4064  -76048.3748  0.3547
   00277    0.4126  -76063.6374  0.3549
   00278    0.4172  -75947.4158  0.3547
   00279    0.4161  -76001.6926  0.3559
   00280    0.4164  -75904.4404  0.3580
   00281    0.4105  -75896.3751  0.3567
   00282    0.4110  -76034.2504  0.3580
   00283    0.4125  -76048.5981  0.3562
   00284    0.4139  -75950.2942  0.3571
   00285    0.4152  -75992.9297  0.3570
   00286    0.4137  -76127.3558  0.3566
   00287    0.4160  -76121.6809  0.3583
   00288    0.4129  -76028.6504  0.3555
   00289    0.4143  -75911.0898  0.3569
   00290    0.4197  -75908.0975  0.3565
   00291    0.4123  -76005.1015  0.3552
   00292    0.4081  -76111.9345  0.3567
   00293    0.4186  -76229.9886  0.3582
   00294    0.4180  -76160.1320  0.3597
   00295    0.4105  -76142.3007  0.3613
   00296    0.4132  -76168.2356  0.3619
   00297    0.4080  -76168.6148  0.3610
   00298    0.4119  -76116.8978  0.3600
   00299    0.4068  -75919.3711  0.3581
   00300    0.4127  -76155.9908  0.3574
   00301    0.4131  -76107.6864  0.3562
   00302    0.4158  -76200.2969  0.3578
   00303    0.4117  -76059.2318  0.3599
   00304    0.4144  -76225.8020  0.3616
   00305    0.4143  -76142.1151  0.3635
   00306    0.4128  -76171.4161  0.3640
   00307    0.4146  -76162.3724  0.3639
   00308    0.4144  -76191.0430  0.3652
   00309    0.4090  -76221.8949  0.3665
   00310    0.4144  -76168.3282  0.3676
   00311    0.4158  -76313.4772  0.3680
   00312    0.4121  -76389.1311  0.3677
   00313    0.4111  -76330.6665  0.3681
   00314    0.4072  -76244.7152  0.3683
   00315    0.4097  -76222.8116  0.3686
   00316    0.4127  -76249.7127  0.3685
   00317    0.4078  -76338.0984  0.3685
   00318    0.4152  -76329.2400  0.3660
   00319    0.4130  -76361.3215  0.3647
   00320    0.4116  -76241.6823  0.3653
   00321    0.4174  -76236.0555  0.3649
   00322    0.4116  -76215.8560  0.3662
   00323    0.4107  -76258.3359  0.3678
   00324    0.4108  -76216.5598  0.3667
   00325    0.4108  -76125.3802  0.3678
   00326    0.4053  -76295.8279  0.3676
   00327    0.4095  -76274.3113  0.3666
   00328    0.4153  -76187.4064  0.3691
   00329    0.4102  -76204.8454  0.3691
   00330    0.4069  -76262.0860  0.3669
   00331    0.4144  -76159.9615  0.3664
   00332    0.4159  -76174.2502  0.3688
   00333    0.4114  -76215.3514  0.3693
   00334    0.4111  -76213.7464  0.3681
   00335    0.4105  -76152.2940  0.3685
   00336    0.4120  -76131.7548  0.3661
   00337    0.4089  -76270.6483  0.3643
   00338    0.4103  -76279.3095  0.3636
   00339    0.4101  -76306.2426  0.3633
   00340    0.4102  -76355.3796  0.3655
   00341    0.4065  -76403.8452  0.3634
   00342    0.4084  -76370.0360  0.3628
   00343    0.4106  -76188.5737  0.3638
   00344    0.4096  -76181.4489  0.3647
   00345    0.4136  -76246.5823  0.3623
   00346    0.4074  -76320.3445  0.3626
   00347    0.4102  -76321.3167  0.3627
   00348    0.4156  -76229.6040  0.3609
   00349    0.4104  -76310.6677  0.3611
   00350    0.4143  -76172.1622  0.3600
   00351    0.4176  -76189.7202  0.3584
   00352    0.4088  -76373.4413  0.3603
   00353    0.4076  -76345.9287  0.3571
   00354    0.4121  -76251.0434  0.3590
   00355    0.4106  -76261.6068  0.3597
   00356    0.4094  -76326.1094  0.3595
   00357    0.4111  -76208.2711  0.3608
   00358    0.4131  -76233.2933  0.3605
   00359    0.4145  -76310.5468  0.3599
   00360    0.4075  -76226.0498  0.3617
   00361    0.4101  -76218.4813  0.3622
   00362    0.4079  -76176.4906  0.3589
   00363    0.4120  -76259.9738  0.3596
   00364    0.4144  -76272.1153  0.3589
   00365    0.4080  -76172.2052  0.3572
   00366    0.4140  -76211.5598  0.3561
   00367    0.4193  -76279.5502  0.3552
   00368    0.4132  -76249.2292  0.3568
   00369    0.4122  -76177.3666  0.3575
   00370    0.4128  -76220.6444  0.3594
   00371    0.4118  -76232.5089  0.3614
   00372    0.4135  -76184.4843  0.3614
   00373    0.4128  -76191.1952  0.3644
   00374    0.4148  -76224.6484  0.3644
   00375    0.4128  -76273.5177  0.3671
   00376    0.4144  -76322.9083  0.3685
   00377    0.4109  -76282.7562  0.3671
   00378    0.4104  -76252.2415  0.3658
   00379    0.4160  -76298.0398  0.3657
   00380    0.4109  -76330.2031  0.3672
   00381    0.4134  -76412.7636  0.3670
   00382    0.4115  -76341.9254  0.3641
   00383    0.4131  -76184.6193  0.3637
   00384    0.4158  -76223.4552  0.3631
   00385    0.4113  -76286.6655  0.3643
   00386    0.4097  -76365.6223  0.3642
   00387    0.4134  -76292.9739  0.3621
   00388    0.4129  -76368.8136  0.3633
   00389    0.4163  -76357.1041  0.3638
   00390    0.4152  -76340.8872  0.3641
   00391    0.4092  -76394.5150  0.3627
   00392    0.4136  -76542.7071  0.3612
   00393    0.4097  -76554.3166  0.3630
   00394    0.4136  -76642.4599  0.3625
   00395    0.4158  -76562.8508  0.3655
   00396    0.4068  -76399.3877  0.3683
   00397    0.4083  -76355.2353  0.3691
   00398    0.4100  -76391.6366  0.3685
   00399    0.4076  -76390.2332  0.3722
   00400    0.4163  -76352.9170  0.3709
   00401    0.4115  -76395.5347  0.3732
   00402    0.4102  -76370.0744  0.3734
   00403    0.4118  -76414.7489  0.3754
   00404    0.4152  -76324.4630  0.3766
   00405    0.4135  -76360.4547  0.3781
   00406    0.4114  -76325.0709  0.3790
   00407    0.4120  -76215.9961  0.3767
   00408    0.4124  -76374.2857  0.3775
   00409    0.4165  -76327.5411  0.3782
   00410    0.4159  -76387.4492  0.3806
   00411    0.4146  -76415.1381  0.3806
   00412    0.4128  -76452.3729  0.3794
   00413    0.4125  -76334.7751  0.3794
   00414    0.4120  -76283.0557  0.3790
   00415    0.4162  -76476.5143  0.3827
   00416    0.4125  -76435.0882  0.3808
   00417    0.4064  -76635.1277  0.3819
   00418    0.4121  -76416.7963  0.3837
   00419    0.4145  -76499.5828  0.3850
   00420    0.4152  -76512.0322  0.3849
   00421    0.4143  -76547.9594  0.3884
   00422    0.4057  -76509.8727  0.3872
   00423    0.4127  -76562.4727  0.3885
   00424    0.4136  -76591.6109  0.3876
   00425    0.4119  -76512.8891  0.3865
   00426    0.4106  -76661.8774  0.3869
   00427    0.4117  -76644.6863  0.3876
   00428    0.4117  -76522.9923  0.3865
   00429    0.4091  -76684.8111  0.3912
   00430    0.4113  -76668.6060  0.3903
   00431    0.4051  -76663.2658  0.3900
   00432    0.4102  -76585.4208  0.3903
   00433    0.4130  -76588.1551  0.3896
   00434    0.4131  -76577.2552  0.3886
   00435    0.4159  -76525.9342  0.3892
   00436    0.4134  -76443.1866  0.3875
   00437    0.4122  -76494.0201  0.3889
   00438    0.4129  -76415.8976  0.3889
   00439    0.4118  -76690.9269  0.3881
   00440    0.4108  -76602.8960  0.3870
   00441    0.4073  -76623.3754  0.3870
   00442    0.4069  -76275.0734  0.3864
   00443    0.4125  -76290.8181  0.3863
   00444    0.4085  -76282.1939  0.3861
   00445    0.4079  -76324.3995  0.3849
   00446    0.4101  -76315.6665  0.3845
   00447    0.4121  -76313.4406  0.3855
   00448    0.4168  -76310.3825  0.3875
   00449    0.4149  -76249.2544  0.3861
   00450    0.4090  -76293.5778  0.3839
   00451    0.4099  -76283.3429  0.3849
   00452    0.4116  -76319.3185  0.3866
   00453    0.4138  -76371.6691  0.3867
   00454    0.4120  -76295.7084  0.3862
   00455    0.4116  -76511.8013  0.3864
   00456    0.4089  -76459.8286  0.3838
   00457    0.4063  -76491.9513  0.3860
   00458    0.4133  -76435.9307  0.3869
   00459    0.4059  -76423.2207  0.3863
   00460    0.4103  -76508.1942  0.3859
   00461    0.4121  -76452.7125  0.3867
   00462    0.4102  -76434.2435  0.3868
   00463    0.4095  -76285.4521  0.3866
   00464    0.4164  -76292.8582  0.3879
   00465    0.4119  -76251.9492  0.3905
   00466    0.4146  -76383.6221  0.3912
   00467    0.4073  -76205.6025  0.3913
   00468    0.4157  -76298.1248  0.3931
   00469    0.4138  -76372.8495  0.3930
   00470    0.4140  -76491.4572  0.3940
   00471    0.4079  -76559.7931  0.3933
   00472    0.4132  -76609.8152  0.3919
   00473    0.4036  -76631.6426  0.3933
   00474    0.4084  -76696.5852  0.3941
   00475    0.4093  -76614.4843  0.3940
   00476    0.4155  -76600.9933  0.3952
   00477    0.4107  -76471.9570  0.3947
   00478    0.4100  -76539.9044  0.3951
   00479    0.4120  -76441.3245  0.3948
   00480    0.4100  -76474.6056  0.3958
   00481    0.4139  -76433.6937  0.3943
   00482    0.4097  -76418.9553  0.3948
   00483    0.4080  -76554.2237  0.3943
   00484    0.4103  -76568.2909  0.3946
   00485    0.4135  -76457.0361  0.3966
   00486    0.4094  -76500.3453  0.3952
   00487    0.4148  -76416.2330  0.3958
   00488    0.4102  -76367.1183  0.3947
   00489    0.4047  -76367.3028  0.3954
   00490    0.4179  -76294.3401  0.3953
   00491    0.4160  -76329.5509  0.3950
   00492    0.4130  -76415.2619  0.3968
   00493    0.4117  -76502.4099  0.3975
   00494    0.4085  -76627.0039  0.3970
   00495    0.4105  -76603.6253  0.3945
   00496    0.4109  -76599.4431  0.3955
   00497    0.4138  -76673.1065  0.3940
   00498    0.4118  -76580.3496  0.3934
   00499    0.4124  -76453.5648  0.3943
   00500    0.4154  -76315.9053  0.3937
