#=====================================================
# File created:        Sun-23-Feb-2025-at-12-19-17PM
# Size of lattice:     150x150
# Number of MC steps:  500
# Reduced temperature: 0.500
# Run time (s):        1.215564
#=====================================================
# MC step:  Ratio:     Energy:   Order:
#=====================================================
   00000    0.5000  -22700.0662  0.2545
   00001    0.6956  -35207.6929  0.2568
   00002    0.6317  -42472.2178  0.2631
   00003    0.5843  -47835.4459  0.2640
   00004    0.5480  -51892.2894  0.2641
   00005    0.5240  -54738.0760  0.2666
   00006    0.5133  -57238.0735  0.2665
   00007    0.4985  -59216.2073  0.2702
   00008    0.4887  -60979.5268  0.2729
   00009    0.4798  -62487.4111  0.2760
   00010    0.4731  -63953.9663  0.2771
   00011    0.4678  -64994.3676  0.2760
   00012    0.4576  -65862.7113  0.2754
   00013    0.4643  -66471.8052  0.2747
   00014    0.4608  -67185.2265  0.2783
   00015    0.4497  -67817.5106  0.2782
   00016    0.4490  -68341.5414  0.2785
   00017    0.4438  -68722.1456  0.2781
   00018    0.4490  -69184.7556  0.2810
   00019    0.4401  -69601.4436  0.2790
   00020    0.4410  -70042.6215  0.2795
   00021    0.4360  -70154.6135  0.2784
   00022    0.4409  -70493.4360  0.2778
   00023    0.4334  -70639.2319  0.2744
   00024    0.4312  -70830.4981  0.2752
   00025    0.4339  -71092.6866  0.2760
   00026    0.4312  -71376.9093  0.2775
   00027    0.4371  -71486.2170  0.2788
   00028    0.4341  -71546.5541  0.2781
   00029    0.4344  -71820.8149  0.2790
   00030    0.4346  -72007.3345  0.2803
   00031    0.4271  -72345.4369  0.2788
   00032    0.4259  -72354.1094  0.2795
   00033    0.4248  -72430.9024  0.2792
   00034    0.4288  -72544.8612  0.2794
   00035    0.4217  -72826.9279  0.2802
   00036    0.4260  -72924.4998  0.2802
   00037    0.4307  -72964.8403  0.2816
   00038    0.4270  -73131.5421  0.2850
   00039    0.4286  -73123.4604  0.2869
   00040    0.4242  -73177.9467  0.2880
   00041    0.4296  -73270.0212  0.2878
   00042    0.4232  -73316.3859  0.2885
   00043    0.4232  -73558.5014  0.2885
   00044    0.4271  -73412.5398  0.2833
   00045    0.4239  -73487.9369  0.2836
   00046    0.4254  -73506.9588  0.2845
   00047    0.4280  -73697.7738  0.2856
   00048    0.4228  -73671.8848  0.2853
   00049    0.4227  -73760.1177  0.2851
   00050    0.4244  -73658.6628  0.2848
   00051    0.4180  -73713.8705  0.2849
   00052    0.4197  -73840.4822  0.2829
   00053    0.4228  -73729.8901  0.2853
   00054    0.4244  -73809.5735  0.2852
   00055    0.4212  -73769.6191  0.2823
   00056    0.4274  -73787.2454  0.2842
   00057    0.4245  -73865.2599  0.2854
   00058    0.4273  -73911.7744  0.2852
   00059    0.4241  -73939.5651  0.2833
   00060    0.4244  -74065.7590  0.2830
   00061    0.4259  -74194.3299  0.2804
   00062    0.4188  -74271.7415  0.2793
   00063    0.4183  -74120.9498  0.2757
   00064    0.4203  -74158.5196  0.2776
   00065    0.4212  -74090.1849  0.2799
   00066    0.4255  -74034.2111  0.2818
   00067    0.4179  -74111.9830  0.2820
   00068    0.4221  -74223.6703  0.2805
   00069    0.4230  -74304.7900  0.2822
   00070    0.4173  -74340.8885  0.2822
   00071    0.4201  -74183.7129  0.2837
   00072    0.4192  -74214.7260  0.2850
   00073    0.4193  -74279.1492  0.2859
   00074    0.4202  -74286.8175  0.2853
   00075    0.4190  -74222.2153  0.2842
   00076    0.4202  -74217.9919  0.2853
   00077    0.4224  -74444.4727  0.2854
   00078    0.4155  -74482.0421  0.2849
   00079    0.4211  -74649.2527  0.2864
   00080    0.4249  -74652.0942  0.2868
   00081    0.4159  -74566.9243  0.2879
   00082    0.4205  -74650.8111  0.2865
   00083    0.4116  -74672.4780  0.2873
   00084    0.4219  -74824.1104  0.2860
   00085    0.4252  -74740.6965  0.2852
   00086    0.4162  -74643.5705  0.2860
   00087    0.4149  -74771.1356  0.2860
   00088    0.4190  -74949.9381  0.2862
   00089    0.4192  -74873.2847  0.2857
   00090    0.4187  -74944.6957  0.2868
   00091    0.4256  -74927.4809  0.2869
   00092    0.4139  -74938.7676  0.2879
   00093    0.4179  -74880.8365  0.2869
   00094    0.4204  -74938.0878  0.2867
   00095    0.4196  -74962.7932  0.2854
   00096    0.4168  -74878.3879  0.2866
   00097    0.4171  -74912.1361  0.2877
   00098    0.4156  -74999.3623  0.2863
   00099    0.4218  -75058.3994  0.2874
   00100    0.4169  -75055.8242  0.2878
   00101    0.4190  -75038.5907  0.2869
   00102    0.4126  -75133.3183  0.2875
   00103    0.4097  -74892.0187  0.2879
   00104    0.4144  -74861.9699  0.2901
   00105    0.4163  -74870.6446  0.2922
   00106    0.4168  -74961.9837  0.2929
   00107    0.4178  -75146.6468  0.2915
   00108    0.4116  -75219.1747  0.2922
   00109    0.4169  -75141.3504  0.2933
   00110    0.4221  -75228.1199  0.2935
   00111    0.4150  -75194.0923  0.2934
   00112    0.4119  -75129.6557  0.2908
   00113    0.4230  -75083.7243  0.2895
   00114    0.4200  -75053.2185  0.2909
   00115    0.4221  -75286.5565  0.2920
   00116    0.4258  -75189.1178  0.2918
   00117    0.4188  -75315.7928  0.2943
   00118    0.4155  -75338.5250  0.2944
   00119    0.4153  -75244.6398  0.2957
   00120    0.4151  -75395.0497  0.2968
   00121    0.4150  -75220.0934  0.2970
   00122    0.4176  -75260.4350  0.2949
   00123    0.4137  -75387.0423  0.2948
   00124    0.4141  -75403.4331  0.2956
   00125    0.4201  -75370.5710  0.2968
   00126    0.4123  -75279.5027  0.2971
   00127    0.4171  -75403.0623  0.2971
   00128    0.4178  -75278.1181  0.2983
   00129    0.4095  -75375.4719  0.2969
   00130    0.4235  -75247.1199  0.2959
   00131    0.4166  -75293.2382  0.2977
   00132    0.4189  -75244.6245  0.2981
   00133    0.4173  -75386.0355  0.2973
   00134    0.4178  -75398.4728  0.2981
   00135    0.4121  -75440.8015  0.3023
   00136    0.4161  -75439.5548  0.3026
   00137    0.4161  -75494.0290  0.3032
   00138    0.4162  -75537.3745  0.3042
   00139    0.4096  -75736.3609  0.3047
   00140    0.4158  -75544.0994  0.3027
   00141    0.4139  -75553.4299  0.3022
   00142    0.4210  -75275.3463  0.3028
   00143    0.4088  -75325.0868  0.3017
   00144    0.4200  -75545.3056  0.3020
   00145    0.4181  -75469.8001  0.3026
   00146    0.4207  -75480.2730  0.3057
   00147    0.4138  -75461.2581  0.3065
   00148    0.4226  -75523.4914  0.3067
   00149    0.4147  -75489.1352  0.3065
   00150    0.4137  -75417.3110  0.3058
   00151    0.4172  -75568.3190  0.3088
   00152    0.4172  -75628.2371  0.3117
   00153    0.4131  -75573.3496  0.3120
   00154    0.4164  -75486.8443  0.3113
   00155    0.4179  -75594.3569  0.3110
   00156    0.4190  -75666.6132  0.3117
   00157    0.4128  -75563.6737  0.3110
   00158    0.4170  -75620.8559  0.3116
   00159    0.4086  -75726.8949  0.3092
   00160    0.4158  -75620.6525  0.3083
   00161    0.4169  -75665.0435  0.3070
   00162    0.4123  -75800.1985  0.3062
   00163    0.4160  -75867.3529  0.3046
   00164    0.4103  -75817.3357  0.3053
   00165    0.4117  -75897.7277  0.3079
   00166    0.4098  -75804.7480  0.3077
   00167    0.4157  -75750.0938  0.3085
   00168    0.4185  -75790.2994  0.3112
   00169    0.4170  -75888.0168  0.3125
   00170    0.4108  -75799.5413  0.3150
   00171    0.4160  -75759.7235  0.3171
   00172    0.4177  -75807.2026  0.3171
   00173    0.4146  -75792.4962  0.3168
   00174    0.4125  -75765.5082  0.3177
   00175    0.4146  -75887.7788  0.3189
   00176    0.4189  -76009.2398  0.3202
   00177    0.4080  -76040.0323  0.3197
   00178    0.4066  -75997.2593  0.3197
   00179    0.4120  -76074.8659  0.3174
   00180    0.4104  -75915.5846  0.3179
   00181    0.4157  -75861.8858  0.3142
   00182    0.4112  -75876.9648  0.3105
   00183    0.4190  -75838.7864  0.3098
   00184    0.4154  -75838.6395  0.3102
   00185    0.4107  -75767.7394  0.3079
   00186    0.4147  -75776.8303  0.3081
   00187    0.4126  -75661.3063  0.3063
   00188    0.4188  -75718.4940  0.3032
   00189    0.4160  -75761.0406  0.3017
   00190    0.4187  -75977.2975  0.3022
   00191    0.4133  -76028.2221  0.3030
   00192    0.4099  -75990.1622  0.3023
   00193    0.4109  -75991.7381  0.3025
   00194    0.4118  -75934.5345  0.3032
   00195    0.4109  -76000.3473  0.3033
   00196    0.4122  -75908.2327  0.3032
   00197    0.4150  -76042.1370  0.3026
   00198    0.4165  -75992.1278  0.3018
   00199    0.4157  -75959.6576  0.3017
   00200    0.4134  -76054.0805  0.3025
   00201    0.4152  -75843.9788  0.3022
   00202    0.4148  -75757.9979  0.3040
   00203    0.4122  -75696.6126  0.3049
   00204    0.4113  -75722.3544  0.3083
   00205    0.4183  -75865.9451  0.3074
   00206    0.4104  -75884.1645  0.3083
   00207    0.4156  -75987.7275  0.3072
   00208    0.4137  -76034.0602  0.3090
   00209    0.4067  -76116.9583  0.3085
   00210    0.4105  -76003.0216  0.3060
   00211    0.4118  -76155.8621  0.3083
   00212    0.4112  -76050.6302  0.3093
   00213    0.4127  -76224.5060  0.3071
   00214    0.4097  -76092.1408  0.3077
   00215    0.4202  -75962.0133  0.3075
   00216    0.4115  -76044.8610  0.3078
   00217    0.4206  -76011.2451  0.3063
   00218    0.4167  -75994.1103  0.3072
   00219    0.4134  -75985.8807  0.3076
   00220    0.4118  -76072.7580  0.3067
   00221    0.4195  -76086.4331  0.3074
   00222    0.4158  -76004.5227  0.3072
   00223    0.4152  -75868.3210  0.3068
   00224    0.4050  -75995.4609  0.3073
   00225    0.4212  -75971.7668  0.3081
   00226    0.4112  -75864.7868  0.3094
   00227    0.4188  -75818.1521  0.3111
   00228    0.4143  -75755.9927  0.3115
   00229    0.4118  -75789.1930  0.3118
   00230    0.4128  -75938.3271  0.3096
   00231    0.4120  -76142.8799  0.3078
   00232    0.4093  -76095.3559  0.3071
   00233    0.4100  -76140.3611  0.3109
   00234    0.4168  -76255.2680  0.3095
   00235    0.4147  -76280.2579  0.3110
   00236    0.4140  -76211.0945  0.3112
   00237    0.4100  -76188.2580  0.3105
   00238    0.4145  -76272.7556  0.3079
   00239    0.4130  -76107.5901  0.3085
   00240    0.4152  -75982.6669  0.3072
   00241    0.4146  -75907.2926  0.3078
   00242    0.4080  -76037.0743  0.3083
   00243    0.4184  -76118.9249  0.3081
   00244    0.4107  -76243.7293  0.3107
   00245    0.4174  -76158.0332  0.3105
   00246    0.4105  -76241.2280  0.3128
   00247    0.4077  -76315.8193  0.3131
   00248    0.4100  -76258.1022  0.3132
   00249    0.4140  -76254.8531  0.3150
   00250    0.4163  -76255.3744  0.3132
   00251    0.4113  -76210.9115  0.3124
   00252    0.4098  -76086.2430  0.3138
   00253    0.4094  -76061.9360  0.3140
   00254    0.4131  -76065.8585  0.3143
   00255    0.4116  -76037.8918  0.3134
   00256    0.4165  -76068.5241  0.3146
   00257    0.4123  -76107.9286  0.3165
   00258    0.4208  -76168.5206  0.3158
   00259    0.4082  -76000.0248  0.3166
   00260    0.4136  -76030.8387  0.3177
   00261    0.4152  -76041.0650  0.3162
   00262    0.4119  -76220.3309  0.3155
   00263    0.4094  -76079.7855  0.3155
   00264    0.4164  -76088.6799  0.3159
   00265    0.4109  -76143.8672  0.3163
   00266    0.4066  -76162.0947  0.3167
   00267    0.4114  -76226.6271  0.3177
   00268    0.4151  -76136.8111  0.3169
   00269    0.4170  -76220.9157  0.3165
   00270    0.4120  -76341.1865  0.3189
   00271    0.4134  -76400.5035  0.3214
   00272    0.4128  -76322.9847  0.3231
   00273    0.4117  -76214.6943  0.3244
   00274    0.4085  -76318.2125  0.3229
   00275    0.4101  -76377.6963  0.3214
   00276    0.4144  -76198.7035  0.3213
   00277    0.4160  -76224.1341  0.3241
   00278    0.4185  -76182.9263  0.3224
   00279    0.4105  -76183.1652  0.3204
   00280    0.4147  -76047.6261  0.3200
   00281    0.4096  -76106.3281  0.3187
   00282    0.4108  -76164.9544  0.3188
   00283    0.4161  -76338.3160  0.3209
   00284    0.4044  -76302.5533  0.3217
   00285    0.4110  -76449.6660  0.3233
   00286    0.4114  -76408.3333  0.3225
   00287    0.4125  -76508.3417  0.3214
   00288    0.4124  -76480.7378  0.3227
   00289    0.4146  -76541.3631  0.3238
   00290    0.4143  -76493.4016  0.3257
   00291    0.4084  -76417.7364  0.3263
   00292    0.4086  -76356.6174  0.3253
   00293    0.4130  -76402.8008  0.3243
   00294    0.4102  -76416.8790  0.3224
   00295    0.4114  -76345.3883  0.3224
   00296    0.4205  -76305.4848  0.3215
   00297    0.4152  -76322.6478  0.3230
   00298    0.4129  -76314.3774  0.3220
   00299    0.4199  -76356.8484  0.3232
   00300    0.4048  -76402.4196  0.3239
   00301    0.4105  -76475.5959  0.3239
   00302    0.4115  -76459.2515  0.3248
   00303    0.4154  -76406.1266  0.3243
   00304    0.4137  -76311.4889  0.3243
   00305    0.4090  -76254.9174  0.3240
   00306    0.4138  -76080.3315  0.3248
   00307    0.4136  -76300.3997  0.3261
   00308    0.4111  -76372.4427  0.3267
   00309    0.4163  -76387.0375  0.3271
   00310    0.4098  -76356.3266  0.3250
   00311    0.4095  -76354.3891  0.3238
   00312    0.4111  -76413.2365  0.3234
   00313    0.4079  -76468.7489  0.3240
   00314    0.4171  -76381.3568  0.3240
   00315    0.4116  -76351.1282  0.3265
   00316    0.4097  -76380.0538  0.3275
   00317    0.4084  -76511.4981  0.3278
   00318    0.4166  -76532.1890  0.3279
   00319    0.4120  -76547.7713  0.3294
   00320    0.4103  -76388.0458  0.3290
   00321    0.4104  -76456.9040  0.3304
   00322    0.4143  -76522.2574  0.3316
   00323    0.4112  -76464.7280  0.3328
   00324    0.4141  -76402.9452  0.3326
   00325    0.4104  -76311.5673  0.3326
   00326    0.4119  -76375.2985  0.3337
   00327    0.4156  -76304.4772  0.3327
   00328    0.4179  -76404.6878  0.3309
   00329    0.4135  -76381.7188  0.3322
   00330    0.4112  -76269.6592  0.3337
   00331    0.4140  -76320.1274  0.3339
   00332    0.4125  -76536.9660  0.3352
   00333    0.4124  -76593.2615  0.3346
   00334    0.4105  -76353.6014  0.3356
   00335    0.4151  -76390.2051  0.3373
   00336    0.4149  -76400.7172  0.3354
   00337    0.4083  -76501.3136  0.3362
   00338    0.4111  -76468.7222  0.3321
   00339    0.4179  -76483.9377  0.3339
   00340    0.4111  -76495.1646  0.3345
   00341    0.4130  -76429.8628  0.3347
   00342    0.4053  -76470.8692  0.3348
   00343    0.4102  -76551.5763  0.3337
   00344    0.4095  -76528.8218  0.3342
   00345    0.4087  -76493.9149  0.3337
   00346    0.4102  -76533.7823  0.3338
   00347    0.4124  -76560.5559  0.3309
   00348    0.4113  -76542.2092  0.3295
   00349    0.4142  -76421.0755  0.3295
   00350    0.4099  -76604.5833  0.3318
   00351    0.4076  -76626.3226  0.3330
   00352    0.4073  -76504.8978  0.3323
   00353    0.4085  -76527.6793  0.3325
   00354    0.4127  -76376.6360  0.3349
   00355    0.4116  -76393.8323  0.3361
   00356    0.4094  -76424.7493  0.3337
   00357    0.4130  -76497.4785  0.3294
   00358    0.4101  -76596.7061  0.3304
   00359    0.4124  -76677.2304  0.3314
   00360    0.4087  -76611.3505  0.3316
   00361    0.4036  -76698.6342  0.3327
   00362    0.4135  -76512.6638  0.3343
   00363    0.4103  -76599.1291  0.3341
   00364    0.4173  -76420.5073  0.3351
   00365    0.4139  -76514.2275  0.3363
   00366    0.4114  -76539.2873  0.3350
   00367    0.4064  -76344.3613  0.3360
   00368    0.4173  -76454.3743  0.3354
   00369    0.4114  -76636.3184  0.3320
   00370    0.4037  -76588.0015  0.3310
   00371    0.4096  -76528.5162  0.3299
   00372    0.4134  -76587.7364  0.3313
   00373    0.4170  -76481.4036  0.3319
   00374    0.4097  -76586.1651  0.3340
   00375    0.4102  -76556.4764  0.3342
   00376    0.4123  -76483.1174  0.3334
   00377    0.4180  -76404.8689  0.3324
   00378    0.4055  -76391.1040  0.3325
   00379    0.4058  -76461.9035  0.3345
   00380    0.4071  -76418.7981  0.3350
   00381    0.4131  -76370.6861  0.3349
   00382    0.4179  -76503.5541  0.3359
   00383    0.4108  -76390.9442  0.3347
   00384    0.4147  -76228.0099  0.3353
   00385    0.4061  -76420.4121  0.3357
   00386    0.4132  -76548.7461  0.3363
   00387    0.4111  -76607.8745  0.3366
   00388    0.4136  -76657.2035  0.3374
   00389    0.4123  -76620.5135  0.3354
   00390    0.4108  -76513.1574  0.3348
   00391    0.4146  -76557.6731  0.3367
   00392    0.4096  -76589.2550  0.3391
   00393    0.4089  -76485.6392  0.3387
   00394    0.4121  -76356.6641  0.3352
   00395    0.4109  -76382.3108  0.3364
   00396    0.4123  -76682.4306  0.3353
   00397    0.4160  -76698.1234  0.3373
   00398    0.4140  -76617.6112  0.3387
   00399    0.4120  -76541.5760  0.3408
   00400    0.4090  -76422.8781  0.3383
   00401    0.4093  -76461.6426  0.3397
   00402    0.4054  -76472.2897  0.3417
   00403    0.4079  -76609.9781  0.3422
   00404    0.4126  -76723.5124  0.3420
   00405    0.4049  -76755.3794  0.3413
   00406    0.4051  -76896.3579  0.3422
   00407    0.4056  -76989.9974  0.3420
   00408    0.4052  -76920.0777  0.3396
   00409    0.4097  -76860.9757  0.3403
   00410    0.4171  -76844.0340  0.3401
   00411    0.4104  -76746.3677  0.3400
   00412    0.4162  -76642.2644  0.3411
   00413    0.4110  -76641.0651  0.3420
   00414    0.4096  -76721.1848  0.3436
   00415    0.4144  -76741.9608  0.3443
   00416    0.4104  -76660.5756  0.3453
   00417    0.4113  -76605.5808  0.3441
   00418    0.4180  -76677.4444  0.3449
   00419    0.4106  -76667.7069  0.3456
   00420    0.4168  -76580.8868  0.3463
   00421    0.4143  -76550.7311  0.3478
   00422    0.4124  -76541.8307  0.3492
   00423    0.4092  -76486.6663  0.3474
   00424    0.4103  -76635.4484  0.3469
   00425    0.4104  -76701.1031  0.3465
   00426    0.4117  -76881.3229  0.3475
   00427    0.4090  -76759.4266  0.3501
   00428    0.4116  -76643.1031  0.3494
   00429    0.4134  -76547.6421  0.3481
   00430    0.4080  -76616.5604  0.3478
   00431    0.4154  -76543.0309  0.3466
   00432    0.4164  -76553.0332  0.3461
   00433    0.4142  -76714.3242  0.3466
   00434    0.4064  -76601.4284  0.3486
   00435    0.4154  -76664.3994  0.3492
   00436    0.4132  -76709.2071  0.3482
   00437    0.4123  -76668.6712  0.3477
   00438    0.4069  -76605.4640  0.3454
   00439    0.4133  -76629.0579  0.3457
   00440    0.4098  -76617.3580  0.3473
   00441    0.4052  -76664.3968  0.3480
   00442    0.4119  -76738.5346  0.3485
   00443    0.4057  -76746.5039  0.3482
   00444    0.4140  -76696.3659  0.3491
   00445    0.4113  -76666.5583  0.3509
   00446    0.4141  -76531.0608  0.3542
   00447    0.4095  -76588.2173  0.3540
   00448    0.4135  -76591.0809  0.3529
   00449    0.4073  -76463.2806  0.3516
   00450    0.4130  -76500.1507  0.3515
   00451    0.4148  -76492.6151  0.3499
   00452    0.4135  -76541.9505  0.3514
   00453    0.4068  -76522.7924  0.3511
   00454    0.4071  -76454.2442  0.3524
   00455    0.4085  -76468.7816  0.3527
   00456    0.4109  -76558.8196  0.3548
   00457    0.4102  -76701.0392  0.3550
   00458    0.4105  -76620.5096  0.3573
   00459    0.4116  -76640.4159  0.3594
   00460    0.4141  -76548.8093  0.3601
   00461    0.4103  -76557.8628  0.3605
   00462    0.4117  -76508.2950  0.3612
   00463    0.4113  -76554.2985  0.3611
   00464    0.4125  -76636.7635  0.3611
   00465    0.4148  -76576.3414  0.3593
   00466    0.4102  -76654.4816  0.3607
   00467    0.4076  -76792.0031  0.3623
   00468    0.4143  -76739.4394  0.3625
   00469    0.4083  -76816.8811  0.3645
   00470    0.4118  -76775.8869  0.3660
   00471    0.4137  -76685.3209  0.3635
   00472    0.4099  -76738.5605  0.3639
   00473    0.4156  -76679.1100  0.3608
   00474    0.4139  -76661.8796  0.3619
   00475    0.4112  -76652.5561  0.3603
   00476    0.4085  -76613.5568  0.3610
   00477    0.4092  -76550.4122  0.3607
   00478    0.4144  -76544.0487  0.3597
   00479    0.4127  -76598.6132  0.3585
   00480    0.4088  -76646.4584  0.3580
   00481    0.4129  -76748.4823  0.3580
   00482    0.4082  -76706.8053  0.3592
   00483    0.4057  -76929.9490  0.3593
   00484    0.4086  -77006.8512  0.3592
   00485    0.4069  -77098.9663  0.3581
   00486    0.4121  -76957.4575  0.3564
   00487    0.4148  -77071.4341  0.3568
   00488    0.4064  -76997.5423  0.3553
   00489    0.4118  -76848.8342  0.3578
   00490    0.4043  -76922.7416  0.3605
   00491    0.4065  -76935.5765  0.3608
   00492    0.4138  -76867.9219  0.3597
   00493    0.4095  -76858.1907  0.3631
   00494    0.4072  -76707.5753  0.3644
   00495    0.4110  -76720.5725  0.3657
   00496    0.4138  -76665.4194  0.3661
   00497    0.4081  -76670.6304  0.3677
   00498    0.4065  -76825.7789  0.3684
   00499    0.4122  -76701.1850  0.3675
   00500    0.4109  -76847.0596  0.3672
