#=====================================================
# File created:        Sat-22-Feb-2025-at-09-16-08PM
# Size of lattice:     150x150
# Number of MC steps:  500
# Reduced temperature: 0.500
# Run time (s):        4.292119
#=====================================================
# MC step:  Ratio:     Energy:   Order:
#=====================================================
   00000    0.5000  -22305.4003  0.2572
   00001    0.6848  -33492.1521  0.2577
   00002    0.6222  -40457.0209  0.2607
   00003    0.5872  -45941.1345  0.2618
   00004    0.5565  -49940.5043  0.2692
   00005    0.5315  -53031.5094  0.2711
   00006    0.5146  -55494.5014  0.2711
   00007    0.5054  -57758.2817  0.2710
   00008    0.4999  -59220.4888  0.2718
   00009    0.4882  -60753.3561  0.2717
   00010    0.4830  -61942.0007  0.2751
   00011    0.4763  -63006.2058  0.2770
   00012    0.4676  -63864.4176  0.2780
   00013    0.4679  -64520.4406  0.2795
   00014    0.4666  -65464.5801  0.2786
   00015    0.4623  -66041.3533  0.2794
   00016    0.4587  -66784.9465  0.2818
   00017    0.4537  -67102.8600  0.2798
   00018    0.4546  -67491.1301  0.2793
   00019    0.4511  -67857.6112  0.2813
   00020    0.4444  -68459.5791  0.2821
   00021    0.4432  -68867.9439  0.2792
   00022    0.4473  -69151.7680  0.2803
   00023    0.4409  -69383.0038  0.2825
   00024    0.4400  -69643.6505  0.2820
   00025    0.4376  -69906.1971  0.2823
   00026    0.4433  -70109.8268  0.2839
   00027    0.4452  -70300.7576  0.2864
   00028    0.4397  -70665.3627  0.2845
   00029    0.4341  -70889.3594  0.2850
   00030    0.4335  -71050.3846  0.2841
   00031    0.4310  -71040.1391  0.2830
   00032    0.4320  -71092.7194  0.2820
   00033    0.4332  -71285.3285  0.2804
   00034    0.4280  -71459.1299  0.2800
   00035    0.4300  -71718.2689  0.2782
   00036    0.4298  -71953.2729  0.2828
   00037    0.4322  -72002.5801  0.2811
   00038    0.4320  -71989.8381  0.2840
   00039    0.4313  -72267.7613  0.2814
   00040    0.4315  -72325.0828  0.2830
   00041    0.4247  -72322.0782  0.2805
   00042    0.4311  -72423.6075  0.2828
   00043    0.4251  -72495.8780  0.2845
   00044    0.4296  -72617.8807  0.2841
   00045    0.4290  -72820.0514  0.2820
   00046    0.4307  -72869.2034  0.2811
   00047    0.4298  -72812.6469  0.2818
   00048    0.4317  -72723.3768  0.2820
   00049    0.4254  -72829.1888  0.2810
   00050    0.4315  -72907.2074  0.2787
   00051    0.4269  -72900.9721  0.2802
   00052    0.4273  -73053.9050  0.2784
   00053    0.4210  -73232.1675  0.2792
   00054    0.4322  -73159.9816  0.2770
   00055    0.4219  -73130.2049  0.2770
   00056    0.4293  -73272.4356  0.2778
   00057    0.4262  -73317.8249  0.2783
   00058    0.4240  -73345.2523  0.2785
   00059    0.4279  -73529.7295  0.2772
   00060    0.4209  -73519.6145  0.2774
   00061    0.4284  -73465.7911  0.2784
   00062    0.4217  -73526.7925  0.2775
   00063    0.4243  -73381.2996  0.2785
   00064    0.4201  -73354.5937  0.2779
   00065    0.4271  -73485.5348  0.2769
   00066    0.4268  -73435.0212  0.2768
   00067    0.4321  -73461.2244  0.2796
   00068    0.4259  -73632.3159  0.2792
   00069    0.4221  -73718.1969  0.2795
   00070    0.4231  -73878.9195  0.2799
   00071    0.4174  -73821.1239  0.2784
   00072    0.4203  -73956.3494  0.2775
   00073    0.4213  -74010.3952  0.2791
   00074    0.4192  -74102.1970  0.2759
   00075    0.4209  -74046.0249  0.2757
   00076    0.4162  -73972.0211  0.2780
   00077    0.4231  -74088.2514  0.2804
   00078    0.4265  -74152.8047  0.2799
   00079    0.4221  -74192.4308  0.2795
   00080    0.4235  -74181.2067  0.2788
   00081    0.4250  -74267.0642  0.2801
   00082    0.4216  -74306.4819  0.2797
   00083    0.4218  -74267.7126  0.2788
   00084    0.4164  -74236.4215  0.2790
   00085    0.4240  -74287.1438  0.2783
   00086    0.4209  -74309.6741  0.2760
   00087    0.4226  -74289.6230  0.2775
   00088    0.4225  -74298.8139  0.2785
   00089    0.4183  -74393.3377  0.2775
   00090    0.4188  -74343.4121  0.2776
   00091    0.4200  -74388.5647  0.2762
   00092    0.4160  -74447.9636  0.2785
   00093    0.4220  -74397.2784  0.2785
   00094    0.4203  -74435.8947  0.2780
   00095    0.4173  -74324.1950  0.2790
   00096    0.4184  -74375.0106  0.2779
   00097    0.4191  -74464.6205  0.2782
   00098    0.4198  -74502.0690  0.2800
   00099    0.4192  -74541.2800  0.2799
   00100    0.4153  -74481.8680  0.2793
   00101    0.4201  -74384.3720  0.2794
   00102    0.4262  -74504.6656  0.2774
   00103    0.4196  -74486.6641  0.2764
   00104    0.4172  -74511.6254  0.2773
   00105    0.4211  -74547.8167  0.2757
   00106    0.4167  -74561.5393  0.2754
   00107    0.4184  -74682.4667  0.2764
   00108    0.4130  -74680.2998  0.2755
   00109    0.4101  -74716.7768  0.2762
   00110    0.4148  -74762.7560  0.2758
   00111    0.4136  -74847.9554  0.2765
   00112    0.4207  -74846.6255  0.2746
   00113    0.4188  -74848.5109  0.2737
   00114    0.4156  -74910.6643  0.2739
   00115    0.4215  -74780.6115  0.2780
   00116    0.4178  -74939.3218  0.2797
   00117    0.4216  -74920.5247  0.2831
   00118    0.4208  -74874.8911  0.2809
   00119    0.4192  -74866.6751  0.2807
   00120    0.4177  -75077.1378  0.2820
   00121    0.4172  -74983.6186  0.2846
   00122    0.4144  -75152.9031  0.2856
   00123    0.4162  -75116.5278  0.2863
   00124    0.4148  -75008.2413  0.2885
   00125    0.4227  -75079.9160  0.2880
   00126    0.4114  -75018.0834  0.2864
   00127    0.4194  -75130.2918  0.2862
   00128    0.4109  -75283.1549  0.2857
   00129    0.4101  -75196.6107  0.2864
   00130    0.4166  -75209.4589  0.2859
   00131    0.4200  -75227.1389  0.2865
   00132    0.4191  -75325.6958  0.2864
   00133    0.4237  -75411.1373  0.2873
   00134    0.4123  -75407.2420  0.2876
   00135    0.4123  -75459.9220  0.2880
   00136    0.4232  -75423.6982  0.2891
   00137    0.4065  -75323.0806  0.2884
   00138    0.4128  -75334.2303  0.2871
   00139    0.4150  -75405.2304  0.2873
   00140    0.4203  -75284.5630  0.2899
   00141    0.4147  -75331.2425  0.2881
   00142    0.4157  -75329.8641  0.2887
   00143    0.4163  -75346.4659  0.2896
   00144    0.4175  -75299.4365  0.2893
   00145    0.4155  -75349.5327  0.2892
   00146    0.4150  -75385.3966  0.2898
   00147    0.4199  -75462.2412  0.2892
   00148    0.4126  -75490.3022  0.2892
   00149    0.4184  -75485.6693  0.2896
   00150    0.4236  -75526.9328  0.2901
   00151    0.4160  -75441.5763  0.2887
   00152    0.4150  -75464.1930  0.2880
   00153    0.4194  -75431.3904  0.2866
   00154    0.4136  -75518.0613  0.2862
   00155    0.4144  -75486.5301  0.2862
   00156    0.4118  -75509.7537  0.2863
   00157    0.4148  -75475.4084  0.2869
   00158    0.4144  -75391.4803  0.2871
   00159    0.4140  -75443.9507  0.2886
   00160    0.4177  -75359.7552  0.2887
   00161    0.4209  -75452.5878  0.2880
   00162    0.4162  -75480.8411  0.2881
   00163    0.4152  -75543.6609  0.2870
   00164    0.4196  -75568.9872  0.2862
   00165    0.4144  -75543.2880  0.2895
   00166    0.4130  -75516.1728  0.2917
   00167    0.4166  -75478.1727  0.2885
   00168    0.4116  -75629.3473  0.2875
   00169    0.4244  -75542.7476  0.2885
   00170    0.4173  -75602.4160  0.2895
   00171    0.4214  -75691.2741  0.2910
   00172    0.4174  -75772.9273  0.2916
   00173    0.4125  -75761.3691  0.2917
   00174    0.4121  -75711.6276  0.2934
   00175    0.4137  -75725.4298  0.2930
   00176    0.4130  -75672.8845  0.2939
   00177    0.4214  -75704.1838  0.2951
   00178    0.4100  -75697.7228  0.2964
   00179    0.4215  -75657.2330  0.2960
   00180    0.4101  -75660.6307  0.2978
   00181    0.4143  -75591.3746  0.2984
   00182    0.4122  -75529.3536  0.2998
   00183    0.4135  -75577.2921  0.2984
   00184    0.4128  -75564.2540  0.2982
   00185    0.4165  -75640.3914  0.2995
   00186    0.4125  -75611.9192  0.2990
   00187    0.4177  -75719.5979  0.2998
   00188    0.4118  -75763.4302  0.3003
   00189    0.4131  -75761.6627  0.2986
   00190    0.4152  -75777.3408  0.2980
   00191    0.4184  -75665.7590  0.2989
   00192    0.4132  -75624.0635  0.2963
   00193    0.4210  -75683.0196  0.2960
   00194    0.4160  -75613.7819  0.2979
   00195    0.4146  -75675.4248  0.2957
   00196    0.4176  -75535.8755  0.2955
   00197    0.4168  -75652.7411  0.2975
   00198    0.4117  -75656.9286  0.2989
   00199    0.4128  -75911.5363  0.2993
   00200    0.4146  -75788.6479  0.3028
   00201    0.4151  -75744.3633  0.3034
   00202    0.4146  -75670.3672  0.3036
   00203    0.4063  -75684.3819  0.3054
   00204    0.4143  -75755.7517  0.3043
   00205    0.4164  -75853.6499  0.3046
   00206    0.4172  -75868.7058  0.3029
   00207    0.4156  -75777.8328  0.3020
   00208    0.4143  -75663.9852  0.3027
   00209    0.4183  -75729.0254  0.3021
   00210    0.4138  -75980.2453  0.3036
   00211    0.4139  -75873.7405  0.3036
   00212    0.4162  -75805.3584  0.3034
   00213    0.4039  -75718.2013  0.3039
   00214    0.4146  -75756.9534  0.3044
   00215    0.4182  -75689.3155  0.3025
   00216    0.4176  -75800.1552  0.3050
   00217    0.4177  -75778.6739  0.3053
   00218    0.4149  -75863.8129  0.3053
   00219    0.4108  -75834.5232  0.3061
   00220    0.4169  -75767.6601  0.3069
   00221    0.4161  -75706.4762  0.3084
   00222    0.4091  -75710.5268  0.3075
   00223    0.4180  -75727.7736  0.3090
   00224    0.4186  -75683.5635  0.3100
   00225    0.4163  -75763.6699  0.3144
   00226    0.4138  -75686.1717  0.3161
   00227    0.4172  -75684.0339  0.3165
   00228    0.4141  -75810.6830  0.3178
   00229    0.4064  -75658.3863  0.3171
   00230    0.4180  -75684.0943  0.3180
   00231    0.4128  -75931.4927  0.3167
   00232    0.4148  -75846.7017  0.3176
   00233    0.4109  -75800.9498  0.3168
   00234    0.4134  -75815.7597  0.3159
   00235    0.4173  -75842.5387  0.3167
   00236    0.4141  -75789.8497  0.3153
   00237    0.4198  -75832.4228  0.3152
   00238    0.4202  -75846.3808  0.3151
   00239    0.4164  -75859.2191  0.3159
   00240    0.4157  -75830.1818  0.3168
   00241    0.4164  -75786.0026  0.3166
   00242    0.4134  -75804.6413  0.3147
   00243    0.4149  -75804.6729  0.3131
   00244    0.4138  -75874.8327  0.3126
   00245    0.4108  -75914.3757  0.3143
   00246    0.4144  -76057.8897  0.3133
   00247    0.4106  -75942.0801  0.3125
   00248    0.4162  -75938.4348  0.3117
   00249    0.4115  -75976.2417  0.3110
   00250    0.4151  -75920.0589  0.3140
   00251    0.4104  -76066.2118  0.3132
   00252    0.4103  -76137.7795  0.3103
   00253    0.4092  -75863.6703  0.3098
   00254    0.4144  -75814.3339  0.3112
   00255    0.4151  -75862.6002  0.3106
   00256    0.4084  -75837.5857  0.3091
   00257    0.4067  -75981.8819  0.3078
   00258    0.4133  -75964.3675  0.3074
   00259    0.4149  -76046.0708  0.3099
   00260    0.4130  -76127.6213  0.3095
   00261    0.4117  -76033.3760  0.3100
   00262    0.4122  -75939.2051  0.3107
   00263    0.4128  -75782.7389  0.3089
   00264    0.4110  -75849.1930  0.3107
   00265    0.4100  -75796.7962  0.3090
   00266    0.4187  -75824.8406  0.3093
   00267    0.4165  -75885.5101  0.3110
   00268    0.4137  -76024.5570  0.3098
   00269    0.4129  -75872.9613  0.3109
   00270    0.4163  -75956.8813  0.3105
   00271    0.4103  -76081.5992  0.3110
   00272    0.4176  -76328.7333  0.3107
   00273    0.4157  -76045.4513  0.3097
   00274    0.4076  -76122.1983  0.3115
   00275    0.4097  -76139.8192  0.3132
   00276    0.4095  -76087.2770  0.3156
   00277    0.4113  -76072.0345  0.3172
   00278    0.4129  -76082.2785  0.3179
   00279    0.4126  -76049.6087  0.3185
   00280    0.4182  -76001.1842  0.3211
   00281    0.4143  -76006.1289  0.3195
   00282    0.4139  -75932.5558  0.3181
   00283    0.4106  -75936.0810  0.3194
   00284    0.4130  -75995.5141  0.3210
   00285    0.4099  -76108.6461  0.3231
   00286    0.4095  -76117.3604  0.3239
   00287    0.4132  -76022.1866  0.3239
   00288    0.4074  -76030.6097  0.3261
   00289    0.4193  -75933.8928  0.3277
   00290    0.4133  -75949.3608  0.3303
   00291    0.4141  -75985.7127  0.3295
   00292    0.4091  -76075.8300  0.3274
   00293    0.4105  -76123.2217  0.3246
   00294    0.4200  -75971.3129  0.3246
   00295    0.4154  -75994.8576  0.3260
   00296    0.4081  -76102.2964  0.3264
   00297    0.4206  -76128.0091  0.3282
   00298    0.4101  -76029.4900  0.3271
   00299    0.4178  -76079.6144  0.3254
   00300    0.4130  -76020.6980  0.3275
   00301    0.4162  -76040.6580  0.3270
   00302    0.4181  -75991.9049  0.3260
   00303    0.4091  -75952.4343  0.3262
   00304    0.4167  -76034.7274  0.3255
   00305    0.4150  -75929.0902  0.3270
   00306    0.4147  -75946.9695  0.3233
   00307    0.4036  -76168.6753  0.3241
   00308    0.4132  -76114.6214  0.3250
   00309    0.4124  -76072.3732  0.3226
   00310    0.4168  -75970.1486  0.3234
   00311    0.4189  -75782.0351  0.3217
   00312    0.4151  -75925.4201  0.3240
   00313    0.4131  -76016.1128  0.3238
   00314    0.4122  -76111.5937  0.3248
   00315    0.4088  -76135.2744  0.3230
   00316    0.4173  -76093.5439  0.3238
   00317    0.4114  -75967.3270  0.3253
   00318    0.4150  -75946.9853  0.3255
   00319    0.4184  -75996.2135  0.3232
   00320    0.4100  -76006.4879  0.3238
   00321    0.4120  -76071.9909  0.3218
   00322    0.4147  -76107.5730  0.3234
   00323    0.4096  -76152.0687  0.3216
   00324    0.4141  -76054.0878  0.3219
   00325    0.4136  -75956.9865  0.3228
   00326    0.4105  -75953.9447  0.3241
   00327    0.4156  -75985.9451  0.3245
   00328    0.4093  -76141.3878  0.3218
   00329    0.4068  -76078.8511  0.3211
   00330    0.4141  -76133.8274  0.3220
   00331    0.4093  -76081.3391  0.3221
   00332    0.4126  -76071.2648  0.3213
   00333    0.4156  -76100.7173  0.3239
   00334    0.4095  -76134.5088  0.3239
   00335    0.4154  -76138.1148  0.3250
   00336    0.4162  -76227.7545  0.3250
   00337    0.4115  -76167.8772  0.3263
   00338    0.4139  -76161.7843  0.3256
   00339    0.4152  -76064.1102  0.3259
   00340    0.4161  -76199.1739  0.3241
   00341    0.4112  -76283.0435  0.3248
   00342    0.4204  -76274.9014  0.3239
   00343    0.4100  -76194.4804  0.3246
   00344    0.4095  -76048.0568  0.3244
   00345    0.4122  -76062.7551  0.3272
   00346    0.4191  -76005.0554  0.3273
   00347    0.4172  -76040.5036  0.3297
   00348    0.4160  -76220.7482  0.3304
   00349    0.4097  -76423.1866  0.3300
   00350    0.4158  -76236.7309  0.3320
   00351    0.4131  -76382.7158  0.3311
   00352    0.4148  -76326.3986  0.3293
   00353    0.4110  -76221.5264  0.3282
   00354    0.4128  -76097.8837  0.3267
   00355    0.4148  -75987.7334  0.3241
   00356    0.4106  -76105.8745  0.3256
   00357    0.4109  -76200.7879  0.3254
   00358    0.4129  -76190.3304  0.3255
   00359    0.4155  -76173.5194  0.3247
   00360    0.4144  -76150.1574  0.3240
   00361    0.4148  -76200.8862  0.3225
   00362    0.4169  -76311.6618  0.3238
   00363    0.4137  -76189.0598  0.3252
   00364    0.4096  -76286.9164  0.3280
   00365    0.4164  -76277.2580  0.3291
   00366    0.4128  -76356.6816  0.3280
   00367    0.4096  -76244.3301  0.3297
   00368    0.4072  -76213.3235  0.3306
   00369    0.4111  -76191.8175  0.3281
   00370    0.4098  -76172.6176  0.3276
   00371    0.4167  -76270.5188  0.3289
   00372    0.4121  -76298.7906  0.3297
   00373    0.4152  -76260.6468  0.3315
   00374    0.4131  -76056.8098  0.3306
   00375    0.4137  -76098.9212  0.3321
   00376    0.4095  -76213.9622  0.3316
   00377    0.4124  -76296.7354  0.3303
   00378    0.4126  -76428.1570  0.3343
   00379    0.4136  -76186.0801  0.3328
   00380    0.4139  -76084.6835  0.3329
   00381    0.4143  -76133.4830  0.3321
   00382    0.4168  -76198.8026  0.3325
   00383    0.4079  -76120.4539  0.3327
   00384    0.4196  -76121.0896  0.3324
   00385    0.4087  -76132.1629  0.3345
   00386    0.4146  -76025.5280  0.3349
   00387    0.4090  -76112.3592  0.3362
   00388    0.4112  -76031.2810  0.3359
   00389    0.4089  -76023.2151  0.3366
   00390    0.4137  -75978.7360  0.3391
   00391    0.4060  -76067.3164  0.3394
   00392    0.4157  -76175.5327  0.3407
   00393    0.4100  -76076.7306  0.3413
   00394    0.4117  -76131.4085  0.3406
   00395    0.4162  -76192.5960  0.3410
   00396    0.4118  -76234.6957  0.3413
   00397    0.4136  -76335.1030  0.3424
   00398    0.4140  -76275.8552  0.3418
   00399    0.4164  -76156.7465  0.3411
   00400    0.4128  -76203.6205  0.3405
   00401    0.4094  -76188.5810  0.3394
   00402    0.4143  -76233.6256  0.3417
   00403    0.4072  -76290.3468  0.3413
   00404    0.4093  -76330.1165  0.3419
   00405    0.4078  -76333.6432  0.3444
   00406    0.4060  -76356.4270  0.3418
   00407    0.4114  -76304.5194  0.3414
   00408    0.4115  -76282.4597  0.3423
   00409    0.4105  -76234.0388  0.3427
   00410    0.4158  -76221.6947  0.3416
   00411    0.4119  -76172.2127  0.3400
   00412    0.4118  -76246.9242  0.3399
   00413    0.4137  -76275.6096  0.3400
   00414    0.4203  -76292.0876  0.3398
   00415    0.4145  -76319.9192  0.3380
   00416    0.4095  -76337.1863  0.3375
   00417    0.4149  -76252.3109  0.3375
   00418    0.4124  -76225.9169  0.3377
   00419    0.4083  -76379.1941  0.3386
   00420    0.4139  -76347.8447  0.3380
   00421    0.4103  -76373.4782  0.3379
   00422    0.4160  -76265.3237  0.3358
   00423    0.4136  -76211.5742  0.3360
   00424    0.4175  -76240.5124  0.3358
   00425    0.4136  -76459.8213  0.3374
   00426    0.4133  -76483.1805  0.3381
   00427    0.4127  -76445.3949  0.3407
   00428    0.4101  -76409.8256  0.3423
   00429    0.4136  -76362.1579  0.3414
   00430    0.4204  -76341.3081  0.3415
   00431    0.4160  -76322.7273  0.3402
   00432    0.4077  -76359.3877  0.3401
   00433    0.4099  -76418.0285  0.3395
   00434    0.4131  -76464.6425  0.3387
   00435    0.4098  -76552.1828  0.3397
   00436    0.4139  -76288.2470  0.3405
   00437    0.4128  -76261.3490  0.3411
   00438    0.4177  -76441.1627  0.3387
   00439    0.4115  -76563.6963  0.3372
   00440    0.4102  -76564.9869  0.3340
   00441    0.4118  -76494.0448  0.3350
   00442    0.4153  -76527.1861  0.3360
   00443    0.4135  -76548.3726  0.3365
   00444    0.4106  -76461.9290  0.3373
   00445    0.4124  -76548.5676  0.3379
   00446    0.4123  -76479.6866  0.3378
   00447    0.4183  -76443.1121  0.3367
   00448    0.4141  -76422.9512  0.3382
   00449    0.4126  -76446.3860  0.3397
   00450    0.4093  -76418.4471  0.3413
   00451    0.4138  -76325.1836  0.3404
   00452    0.4176  -76215.3504  0.3391
   00453    0.4165  -76410.4823  0.3374
   00454    0.4131  -76413.6194  0.3382
   00455    0.4089  -76342.1256  0.3389
   00456    0.4166  -76420.1042  0.3398
   00457    0.4110  -76367.9338  0.3377
   00458    0.4094  -76385.5469  0.3358
   00459    0.4117  -76530.5029  0.3367
   00460    0.4095  -76491.4335  0.3347
   00461    0.4111  -76600.0769  0.3364
   00462    0.4151  -76546.3222  0.3371
   00463    0.4099  -76469.7878  0.3356
   00464    0.4109  -76525.5645  0.3364
   00465    0.4089  -76388.9654  0.3370
   00466    0.4126  -76354.5300  0.3361
   00467    0.4064  -76288.0684  0.3393
   00468    0.4115  -76362.2845  0.3377
   00469    0.4088  -76431.4996  0.3393
   00470    0.4085  -76593.1567  0.3394
   00471    0.4160  -76581.1851  0.3417
   00472    0.4099  -76492.0408  0.3434
   00473    0.4081  -76570.7309  0.3442
   00474    0.4094  -76633.4033  0.3420
   00475    0.4102  -76545.6430  0.3406
   00476    0.4114  -76617.4369  0.3412
   00477    0.4149  -76618.7159  0.3413
   00478    0.4110  -76616.6536  0.3441
   00479    0.4094  -76625.6406  0.3445
   00480    0.4065  -76503.4005  0.3433
   00481    0.4129  -76449.3591  0.3440
   00482    0.4120  -76494.0003  0.3439
   00483    0.4090  -76552.4581  0.3427
   00484    0.4074  -76627.7800  0.3434
   00485    0.4088  -76475.9300  0.3420
   00486    0.4112  -76564.7871  0.3434
   00487    0.4155  -76443.1237  0.3439
   00488    0.4095  -76413.1349  0.3416
   00489    0.4111  -76403.6012  0.3402
   00490    0.4144  -76368.6650  0.3412
   00491    0.4092  -76326.6012  0.3433
   00492    0.4169  -76208.6671  0.3423
   00493    0.4125  -76367.7941  0.3415
   00494    0.4144  -76290.2075  0.3436
   00495    0.4122  -76289.9781  0.3466
   00496    0.4140  -76222.8679  0.3474
   00497    0.4071  -76360.0643  0.3486
   00498    0.4111  -76179.5056  0.3475
   00499    0.4188  -76287.2572  0.3494
   00500    0.4079  -76211.0725  0.3496
