#=====================================================
# File created:        Sat-22-Feb-2025-at-08-26-09PM
# Size of lattice:     150x150
# Number of MC steps:  500
# Reduced temperature: 0.500
# Run time (s):        4.428102
#=====================================================
# MC step:  Ratio:     Energy:   Order:
#=====================================================
   00000    0.5000  -22904.2881  0.2558
   00001    0.6771  -33964.1665  0.2537
   00002    0.6232  -40819.7078  0.2556
   00003    0.5841  -45855.1843  0.2576
   00004    0.5588  -49607.9024  0.2600
   00005    0.5324  -52673.9983  0.2614
   00006    0.5202  -54927.1279  0.2587
   00007    0.5084  -56877.4853  0.2602
   00008    0.5007  -58487.8281  0.2628
   00009    0.4963  -59951.8146  0.2621
   00010    0.4872  -61280.7646  0.2616
   00011    0.4799  -62446.4025  0.2623
   00012    0.4759  -63588.3957  0.2639
   00013    0.4668  -64380.1385  0.2639
   00014    0.4635  -65113.8856  0.2628
   00015    0.4554  -65748.5069  0.2613
   00016    0.4608  -66382.4799  0.2642
   00017    0.4597  -67010.4818  0.2644
   00018    0.4502  -67555.2013  0.2656
   00019    0.4528  -68021.5524  0.2658
   00020    0.4461  -68503.0592  0.2629
   00021    0.4437  -68876.2054  0.2630
   00022    0.4432  -69259.7271  0.2611
   00023    0.4393  -69554.9309  0.2617
   00024    0.4408  -69871.3350  0.2611
   00025    0.4377  -70001.8945  0.2618
   00026    0.4346  -70338.3631  0.2627
   00027    0.4360  -70545.4392  0.2641
   00028    0.4365  -70791.6048  0.2654
   00029    0.4354  -71020.4311  0.2671
   00030    0.4410  -71093.2138  0.2673
   00031    0.4336  -71330.2031  0.2665
   00032    0.4335  -71542.3309  0.2673
   00033    0.4259  -71646.8791  0.2691
   00034    0.4278  -71804.1829  0.2689
   00035    0.4356  -71957.8002  0.2670
   00036    0.4312  -72189.7768  0.2691
   00037    0.4259  -72318.8953  0.2697
   00038    0.4228  -72494.5578  0.2729
   00039    0.4351  -72340.9255  0.2735
   00040    0.4252  -72473.1222  0.2754
   00041    0.4248  -72619.2189  0.2766
   00042    0.4293  -72718.4175  0.2762
   00043    0.4285  -72804.5921  0.2741
   00044    0.4250  -72877.5404  0.2718
   00045    0.4270  -72895.7429  0.2702
   00046    0.4255  -72870.2895  0.2676
   00047    0.4207  -73001.1722  0.2679
   00048    0.4316  -73045.9349  0.2672
   00049    0.4227  -73019.2755  0.2685
   00050    0.4257  -73074.1071  0.2669
   00051    0.4231  -73171.1591  0.2671
   00052    0.4286  -73320.1510  0.2660
   00053    0.4233  -73402.1579  0.2675
   00054    0.4240  -73511.7432  0.2671
   00055    0.4216  -73630.4083  0.2661
   00056    0.4211  -73554.1214  0.2668
   00057    0.4222  -73665.9312  0.2688
   00058    0.4233  -73654.9333  0.2685
   00059    0.4282  -73575.3174  0.2708
   00060    0.4252  -73620.9225  0.2715
   00061    0.4226  -73713.6421  0.2705
   00062    0.4268  -73902.0264  0.2675
   00063    0.4216  -73855.7279  0.2681
   00064    0.4222  -73862.8388  0.2694
   00065    0.4238  -73901.8463  0.2694
   00066    0.4168  -73930.3009  0.2707
   00067    0.4220  -74006.7891  0.2703
   00068    0.4188  -74085.2903  0.2696
   00069    0.4171  -74002.0415  0.2717
   00070    0.4162  -74081.3915  0.2695
   00071    0.4190  -74118.1849  0.2692
   00072    0.4187  -74158.5437  0.2668
   00073    0.4255  -74152.9437  0.2674
   00074    0.4263  -74235.3856  0.2706
   00075    0.4200  -74062.6536  0.2693
   00076    0.4196  -74392.0733  0.2707
   00077    0.4149  -74420.8522  0.2696
   00078    0.4200  -74451.7696  0.2685
   00079    0.4168  -74360.9821  0.2681
   00080    0.4275  -74487.4930  0.2674
   00081    0.4182  -74490.8993  0.2677
   00082    0.4211  -74448.6933  0.2674
   00083    0.4224  -74379.7173  0.2658
   00084    0.4229  -74379.0481  0.2662
   00085    0.4209  -74400.4691  0.2648
   00086    0.4224  -74465.2863  0.2684
   00087    0.4195  -74464.4385  0.2688
   00088    0.4274  -74380.9643  0.2688
   00089    0.4241  -74398.1519  0.2697
   00090    0.4185  -74492.4819  0.2679
   00091    0.4239  -74531.0947  0.2697
   00092    0.4175  -74604.3041  0.2705
   00093    0.4184  -74601.3051  0.2728
   00094    0.4261  -74565.3289  0.2712
   00095    0.4157  -74724.7654  0.2699
   00096    0.4210  -74685.2427  0.2699
   00097    0.4208  -74689.7742  0.2692
   00098    0.4183  -74707.5724  0.2703
   00099    0.4188  -74819.0920  0.2704
   00100    0.4191  -74782.9657  0.2709
   00101    0.4223  -74817.5575  0.2721
   00102    0.4185  -74819.6546  0.2741
   00103    0.4182  -74864.0899  0.2746
   00104    0.4172  -74808.9142  0.2750
   00105    0.4164  -74756.4662  0.2763
   00106    0.4226  -74818.4472  0.2761
   00107    0.4221  -74905.6457  0.2755
   00108    0.4108  -74879.2625  0.2779
   00109    0.4116  -74932.4835  0.2774
   00110    0.4176  -74977.6954  0.2783
   00111    0.4178  -75039.3979  0.2776
   00112    0.4170  -75028.7759  0.2779
   00113    0.4185  -74943.2477  0.2787
   00114    0.4160  -74848.6328  0.2799
   00115    0.4205  -74779.6502  0.2786
   00116    0.4140  -74806.9778  0.2797
   00117    0.4163  -74850.0381  0.2788
   00118    0.4124  -74822.7747  0.2775
   00119    0.4252  -74902.9675  0.2766
   00120    0.4172  -74891.8843  0.2763
   00121    0.4180  -74756.8758  0.2742
   00122    0.4202  -74686.3395  0.2743
   00123    0.4140  -74814.0108  0.2742
   00124    0.4149  -74808.3184  0.2743
   00125    0.4176  -74852.1261  0.2735
   00126    0.4179  -74883.6294  0.2731
   00127    0.4200  -74968.8276  0.2713
   00128    0.4171  -75095.0390  0.2726
   00129    0.4209  -75123.0302  0.2723
   00130    0.4146  -75119.5653  0.2730
   00131    0.4137  -75136.2008  0.2740
   00132    0.4154  -75209.0981  0.2744
   00133    0.4178  -75148.5033  0.2719
   00134    0.4167  -75125.3292  0.2702
   00135    0.4100  -75106.7848  0.2709
   00136    0.4200  -75220.8597  0.2723
   00137    0.4223  -75190.2829  0.2717
   00138    0.4171  -75227.6663  0.2706
   00139    0.4165  -75277.0699  0.2692
   00140    0.4135  -75207.2374  0.2698
   00141    0.4126  -75205.1232  0.2703
   00142    0.4185  -75386.0908  0.2709
   00143    0.4148  -75270.1030  0.2709
   00144    0.4161  -75289.8457  0.2715
   00145    0.4149  -75189.8341  0.2720
   00146    0.4160  -75327.7934  0.2712
   00147    0.4140  -75317.9327  0.2726
   00148    0.4173  -75227.3647  0.2731
   00149    0.4181  -75295.0872  0.2725
   00150    0.4146  -75208.3843  0.2774
   00151    0.4140  -75060.2712  0.2776
   00152    0.4179  -75185.1195  0.2768
   00153    0.4193  -75096.6401  0.2761
   00154    0.4136  -75129.2116  0.2773
   00155    0.4218  -75151.1519  0.2774
   00156    0.4156  -75219.9887  0.2779
   00157    0.4158  -75320.9865  0.2776
   00158    0.4152  -75350.1465  0.2781
   00159    0.4169  -75355.2765  0.2773
   00160    0.4141  -75420.4238  0.2781
   00161    0.4136  -75364.7822  0.2797
   00162    0.4151  -75391.0176  0.2776
   00163    0.4184  -75435.6915  0.2773
   00164    0.4218  -75338.7634  0.2780
   00165    0.4096  -75414.7866  0.2764
   00166    0.4153  -75343.9896  0.2759
   00167    0.4164  -75307.6642  0.2764
   00168    0.4201  -75346.6962  0.2765
   00169    0.4178  -75356.4075  0.2783
   00170    0.4153  -75512.3328  0.2797
   00171    0.4166  -75657.7709  0.2795
   00172    0.4145  -75557.5199  0.2779
   00173    0.4164  -75471.9935  0.2769
   00174    0.4180  -75553.3557  0.2757
   00175    0.4154  -75583.8996  0.2760
   00176    0.4144  -75617.7379  0.2748
   00177    0.4217  -75570.2384  0.2750
   00178    0.4153  -75678.1926  0.2754
   00179    0.4175  -75492.8854  0.2779
   00180    0.4146  -75479.8833  0.2772
   00181    0.4120  -75504.6136  0.2780
   00182    0.4117  -75572.5444  0.2780
   00183    0.4183  -75575.5913  0.2808
   00184    0.4169  -75618.1117  0.2803
   00185    0.4130  -75584.1634  0.2802
   00186    0.4172  -75691.0971  0.2796
   00187    0.4128  -75691.8798  0.2791
   00188    0.4151  -75676.3046  0.2794
   00189    0.4162  -75515.9919  0.2774
   00190    0.4242  -75412.8885  0.2766
   00191    0.4181  -75386.7380  0.2757
   00192    0.4098  -75551.7259  0.2774
   00193    0.4084  -75622.6836  0.2779
   00194    0.4152  -75640.9281  0.2772
   00195    0.4103  -75643.2063  0.2780
   00196    0.4128  -75581.0446  0.2780
   00197    0.4087  -75646.9764  0.2757
   00198    0.4161  -75738.6789  0.2761
   00199    0.4162  -75501.1541  0.2732
   00200    0.4110  -75694.3742  0.2753
   00201    0.4148  -75881.2619  0.2741
   00202    0.4102  -75943.5961  0.2735
   00203    0.4096  -75943.6389  0.2736
   00204    0.4122  -75770.3605  0.2717
   00205    0.4119  -75777.7087  0.2713
   00206    0.4144  -75851.4528  0.2756
   00207    0.4209  -75842.3992  0.2765
   00208    0.4203  -75874.8314  0.2779
   00209    0.4171  -75832.8241  0.2760
   00210    0.4139  -75777.2625  0.2775
   00211    0.4115  -75858.4536  0.2786
   00212    0.4116  -75897.4718  0.2752
   00213    0.4118  -75844.0379  0.2739
   00214    0.4178  -75754.8290  0.2761
   00215    0.4160  -75930.0198  0.2743
   00216    0.4162  -75901.3860  0.2739
   00217    0.4181  -75881.0306  0.2745
   00218    0.4078  -75982.4968  0.2763
   00219    0.4133  -75752.9422  0.2771
   00220    0.4157  -75743.0548  0.2771
   00221    0.4133  -75763.5022  0.2790
   00222    0.4118  -75878.1685  0.2781
   00223    0.4132  -75885.9364  0.2784
   00224    0.4152  -75728.8691  0.2758
   00225    0.4220  -75708.8774  0.2746
   00226    0.4167  -75860.6413  0.2744
   00227    0.4168  -75937.1924  0.2739
   00228    0.4093  -75969.4181  0.2733
   00229    0.4160  -75811.0949  0.2719
   00230    0.4111  -75795.2574  0.2726
   00231    0.4172  -75835.6783  0.2732
   00232    0.4156  -75892.5158  0.2754
   00233    0.4142  -75908.4029  0.2754
   00234    0.4116  -75958.7205  0.2733
   00235    0.4100  -75868.0132  0.2722
   00236    0.4124  -75919.8465  0.2726
   00237    0.4142  -75955.6359  0.2727
   00238    0.4136  -75935.4753  0.2729
   00239    0.4090  -75856.0423  0.2721
   00240    0.4125  -75724.9895  0.2734
   00241    0.4146  -75818.2432  0.2733
   00242    0.4171  -75813.1575  0.2732
   00243    0.4087  -75874.0054  0.2760
   00244    0.4190  -75800.1571  0.2770
   00245    0.4077  -75766.0063  0.2772
   00246    0.4181  -75796.1110  0.2776
   00247    0.4172  -75846.5830  0.2794
   00248    0.4117  -75947.3972  0.2785
   00249    0.4137  -75815.1695  0.2778
   00250    0.4228  -75845.7252  0.2789
   00251    0.4216  -75685.0285  0.2805
   00252    0.4144  -75730.4188  0.2806
   00253    0.4133  -75848.4473  0.2801
   00254    0.4196  -75883.4356  0.2772
   00255    0.4161  -75933.1377  0.2779
   00256    0.4123  -75932.7452  0.2773
   00257    0.4167  -75870.5871  0.2781
   00258    0.4118  -75956.3204  0.2769
   00259    0.4100  -75935.0371  0.2784
   00260    0.4131  -75910.8385  0.2781
   00261    0.4116  -75924.2976  0.2800
   00262    0.4134  -75982.4004  0.2782
   00263    0.4165  -76004.9736  0.2789
   00264    0.4089  -75920.1525  0.2793
   00265    0.4144  -75911.1956  0.2816
   00266    0.4091  -75941.4103  0.2801
   00267    0.4196  -75987.6266  0.2797
   00268    0.4120  -75985.5372  0.2779
   00269    0.4128  -75946.8991  0.2793
   00270    0.4133  -75961.8859  0.2803
   00271    0.4163  -75711.0420  0.2798
   00272    0.4106  -75875.6215  0.2794
   00273    0.4179  -75977.3443  0.2792
   00274    0.4122  -75925.6775  0.2786
   00275    0.4180  -75799.4978  0.2790
   00276    0.4176  -75821.4175  0.2779
   00277    0.4102  -75959.5103  0.2753
   00278    0.4155  -76050.0608  0.2752
   00279    0.4075  -76098.3814  0.2759
   00280    0.4144  -76064.9761  0.2738
   00281    0.4128  -76096.0615  0.2736
   00282    0.4127  -76020.6834  0.2725
   00283    0.4109  -76052.8858  0.2729
   00284    0.4169  -75997.1590  0.2735
   00285    0.4122  -76018.2341  0.2749
   00286    0.4068  -76012.1698  0.2738
   00287    0.4136  -75975.8131  0.2716
   00288    0.4120  -75973.9166  0.2697
   00289    0.4178  -76026.4425  0.2700
   00290    0.4127  -76004.1983  0.2683
   00291    0.4092  -76031.4341  0.2666
   00292    0.4169  -75944.4448  0.2661
   00293    0.4130  -76008.0095  0.2691
   00294    0.4090  -76026.3300  0.2686
   00295    0.4120  -76192.8102  0.2670
   00296    0.4119  -76159.0583  0.2665
   00297    0.4108  -76034.3845  0.2666
   00298    0.4129  -76131.4013  0.2671
   00299    0.4201  -75926.5852  0.2682
   00300    0.4091  -76100.5104  0.2695
   00301    0.4141  -76115.8663  0.2695
   00302    0.4147  -76137.6168  0.2705
   00303    0.4156  -76082.2040  0.2702
   00304    0.4140  -76037.7770  0.2692
   00305    0.4175  -76136.2462  0.2695
   00306    0.4141  -76152.4528  0.2682
   00307    0.4165  -76067.7046  0.2687
   00308    0.4128  -76082.6567  0.2687
   00309    0.4063  -75995.0745  0.2678
   00310    0.4112  -75964.0290  0.2690
   00311    0.4136  -75941.7149  0.2690
   00312    0.4165  -76043.8074  0.2689
   00313    0.4120  -76129.5346  0.2693
   00314    0.4089  -76208.8835  0.2696
   00315    0.4099  -76089.3017  0.2710
   00316    0.4131  -76042.6740  0.2709
   00317    0.4080  -75979.0010  0.2724
   00318    0.4134  -76028.7449  0.2735
   00319    0.4111  -76051.9319  0.2721
   00320    0.4081  -75945.5543  0.2711
   00321    0.4126  -75837.7698  0.2706
   00322    0.4152  -75910.7590  0.2726
   00323    0.4132  -75887.2976  0.2726
   00324    0.4106  -75911.5379  0.2754
   00325    0.4136  -76025.8136  0.2762
   00326    0.4147  -75964.2711  0.2770
   00327    0.4095  -76091.0478  0.2756
   00328    0.4146  -76057.3316  0.2761
   00329    0.4117  -76082.0311  0.2755
   00330    0.4152  -76167.2740  0.2734
   00331    0.4164  -76099.9829  0.2746
   00332    0.4193  -75983.0073  0.2728
   00333    0.4140  -75851.4711  0.2726
   00334    0.4117  -76069.0920  0.2731
   00335    0.4153  -76043.2795  0.2739
   00336    0.4068  -76098.1677  0.2737
   00337    0.4125  -76086.4120  0.2742
   00338    0.4111  -76230.0510  0.2764
   00339    0.4128  -75979.6712  0.2781
   00340    0.4086  -76052.4908  0.2777
   00341    0.4093  -75852.8005  0.2777
   00342    0.4180  -75880.5673  0.2791
   00343    0.4122  -75901.8039  0.2801
   00344    0.4163  -76007.1706  0.2810
   00345    0.4131  -75961.1888  0.2819
   00346    0.4126  -75939.4813  0.2813
   00347    0.4104  -75956.9760  0.2833
   00348    0.4135  -76114.0427  0.2839
   00349    0.4093  -76239.7601  0.2837
   00350    0.4116  -76179.9210  0.2859
   00351    0.4160  -76157.0976  0.2862
   00352    0.4156  -76222.3151  0.2858
   00353    0.4100  -76255.2842  0.2864
   00354    0.4153  -76191.2578  0.2856
   00355    0.4110  -76163.6244  0.2855
   00356    0.4113  -76236.1066  0.2858
   00357    0.4110  -76186.8794  0.2836
   00358    0.4150  -76184.0119  0.2813
   00359    0.4184  -76188.2016  0.2805
   00360    0.4136  -76213.3487  0.2778
   00361    0.4180  -76255.1413  0.2787
   00362    0.4147  -76274.6743  0.2788
   00363    0.4043  -76188.4381  0.2787
   00364    0.4148  -76279.4728  0.2793
   00365    0.4133  -76380.9373  0.2773
   00366    0.4116  -76389.7804  0.2766
   00367    0.4112  -76367.3087  0.2794
   00368    0.4129  -76327.7300  0.2793
   00369    0.4124  -76148.3933  0.2793
   00370    0.4057  -76104.7870  0.2786
   00371    0.4134  -76090.1761  0.2780
   00372    0.4196  -76215.6708  0.2778
   00373    0.4118  -76123.9512  0.2782
   00374    0.4114  -76026.4361  0.2807
   00375    0.4101  -76068.4987  0.2836
   00376    0.4147  -76106.1489  0.2829
   00377    0.4113  -76114.3797  0.2832
   00378    0.4137  -76160.9274  0.2823
   00379    0.4123  -76137.5364  0.2825
   00380    0.4158  -76200.0541  0.2829
   00381    0.4097  -76261.7407  0.2838
   00382    0.4068  -76213.2860  0.2841
   00383    0.4089  -76180.8979  0.2833
   00384    0.4095  -76313.0205  0.2827
   00385    0.4096  -76240.9173  0.2798
   00386    0.4133  -76208.4094  0.2809
   00387    0.4173  -76273.9758  0.2822
   00388    0.4203  -76257.8116  0.2833
   00389    0.4155  -76317.5369  0.2836
   00390    0.4148  -76160.5219  0.2846
   00391    0.4157  -76238.1252  0.2848
   00392    0.4117  -76354.2965  0.2869
   00393    0.4199  -76255.7436  0.2852
   00394    0.4115  -76166.0136  0.2847
   00395    0.4137  -76243.2983  0.2844
   00396    0.4105  -76300.8286  0.2867
   00397    0.4087  -76438.4112  0.2854
   00398    0.4098  -76391.7410  0.2850
   00399    0.4137  -76365.2077  0.2847
   00400    0.4170  -76323.3617  0.2859
   00401    0.4119  -76316.8403  0.2882
   00402    0.4100  -76308.7341  0.2886
   00403    0.4047  -76296.5198  0.2877
   00404    0.4096  -76355.3185  0.2860
   00405    0.4101  -76363.6005  0.2869
   00406    0.4088  -76481.3969  0.2866
   00407    0.4120  -76304.6178  0.2862
   00408    0.4129  -76128.5429  0.2840
   00409    0.4156  -76084.7258  0.2828
   00410    0.4101  -76060.1287  0.2811
   00411    0.4144  -76162.8237  0.2820
   00412    0.4139  -76450.3549  0.2818
   00413    0.4103  -76543.3624  0.2816
   00414    0.4089  -76371.2737  0.2803
   00415    0.4087  -76265.1040  0.2796
   00416    0.4152  -76259.4399  0.2799
   00417    0.4117  -76161.6890  0.2806
   00418    0.4076  -76303.8767  0.2802
   00419    0.4091  -76291.1265  0.2807
   00420    0.4092  -76271.9279  0.2815
   00421    0.4141  -76191.2138  0.2808
   00422    0.4126  -76093.5272  0.2797
   00423    0.4175  -76140.9859  0.2810
   00424    0.4191  -76085.7852  0.2807
   00425    0.4094  -76071.0189  0.2823
   00426    0.4140  -76053.6177  0.2813
   00427    0.4131  -76008.1485  0.2819
   00428    0.4122  -76073.9180  0.2827
   00429    0.4105  -76085.6818  0.2825
   00430    0.4148  -76122.8829  0.2812
   00431    0.4118  -76243.9237  0.2796
   00432    0.4145  -76227.4066  0.2756
   00433    0.4100  -76121.1801  0.2769
   00434    0.4161  -76222.5069  0.2762
   00435    0.4093  -76243.3961  0.2775
   00436    0.4168  -76403.2286  0.2761
   00437    0.4111  -76324.6085  0.2774
   00438    0.4086  -76197.9530  0.2743
   00439    0.4088  -76273.1699  0.2749
   00440    0.4080  -76281.9040  0.2748
   00441    0.4082  -76201.2361  0.2746
   00442    0.4120  -76183.9130  0.2736
   00443    0.4091  -76190.8994  0.2725
   00444    0.4147  -76199.7065  0.2698
   00445    0.4129  -76202.6633  0.2700
   00446    0.4136  -76219.8752  0.2679
   00447    0.4078  -76117.6091  0.2687
   00448    0.4162  -76244.6590  0.2665
   00449    0.4212  -76327.4239  0.2668
   00450    0.4100  -76404.9914  0.2670
   00451    0.4042  -76369.0647  0.2688
   00452    0.4209  -76253.2966  0.2685
   00453    0.4108  -76267.8040  0.2697
   00454    0.4152  -76183.8499  0.2684
   00455    0.4110  -76204.4307  0.2694
   00456    0.4137  -76184.4198  0.2688
   00457    0.4117  -76283.7268  0.2720
   00458    0.4143  -76191.8288  0.2710
   00459    0.4180  -76407.6624  0.2706
   00460    0.4085  -76430.5164  0.2707
   00461    0.4091  -76237.2393  0.2701
   00462    0.4154  -76231.7970  0.2693
   00463    0.4130  -76275.0812  0.2677
   00464    0.4108  -76479.0824  0.2675
   00465    0.4091  -76232.8171  0.2690
   00466    0.4049  -76307.7003  0.2690
   00467    0.4154  -76483.2185  0.2687
   00468    0.4152  -76459.5023  0.2697
   00469    0.4099  -76454.5432  0.2705
   00470    0.4089  -76477.3706  0.2709
   00471    0.4092  -76419.9004  0.2698
   00472    0.4132  -76439.8782  0.2704
   00473    0.4155  -76342.3738  0.2684
   00474    0.4125  -76417.3805  0.2691
   00475    0.4083  -76366.8901  0.2679
   00476    0.4110  -76374.2545  0.2671
   00477    0.4120  -76383.2536  0.2674
   00478    0.4144  -76263.0992  0.2675
   00479    0.4103  -76295.9676  0.2679
   00480    0.4113  -76098.7751  0.2681
   00481    0.4132  -76209.0671  0.2684
   00482    0.4132  -76218.3474  0.2682
   00483    0.4158  -76142.2504  0.2675
   00484    0.4095  -76249.5953  0.2673
   00485    0.4137  -76129.9260  0.2677
   00486    0.4168  -76165.4010  0.2689
   00487    0.4164  -76121.9642  0.2691
   00488    0.4071  -76022.7298  0.2703
   00489    0.4173  -76068.3558  0.2711
   00490    0.4124  -76127.2290  0.2712
   00491    0.4179  -76215.0023  0.2688
   00492    0.4092  -76342.3324  0.2697
   00493    0.4130  -76286.6165  0.2696
   00494    0.4129  -76232.6711  0.2674
   00495    0.4124  -76207.7014  0.2671
   00496    0.4093  -76127.9467  0.2682
   00497    0.4147  -76175.9477  0.2677
   00498    0.4057  -76140.3365  0.2680
   00499    0.4145  -76176.5346  0.2692
   00500    0.4129  -76243.3816  0.2688
