#=====================================================
# File created:        Fri-21-Feb-2025-at-09-53-32PM
# Size of lattice:     50x50
# Number of MC steps:  500
# Reduced temperature: 0.500
# Run time (s):        1.727860
#=====================================================
# MC step:  Ratio:     Energy:   Order:
#=====================================================
   00000    0.5000   -2439.0471  0.2654
   00001    0.6740   -3591.2711  0.2591
   00002    0.6256   -4471.1465  0.2571
   00003    0.5924   -5063.0718  0.2612
   00004    0.5504   -5490.0506  0.2682
   00005    0.5356   -5819.9341  0.2761
   00006    0.5244   -6089.2500  0.2857
   00007    0.5032   -6313.8083  0.2810
   00008    0.5028   -6515.7429  0.2938
   00009    0.4740   -6704.2725  0.3004
   00010    0.4924   -6871.9540  0.3051
   00011    0.4792   -6977.7674  0.3098
   00012    0.4796   -7101.7622  0.3097
   00013    0.4528   -7179.3086  0.3059
   00014    0.4644   -7248.4649  0.3053
   00015    0.4376   -7315.9954  0.3074
   00016    0.4676   -7387.6519  0.3139
   00017    0.4620   -7456.3183  0.3108
   00018    0.4512   -7533.9066  0.3098
   00019    0.4556   -7592.2539  0.3075
   00020    0.4388   -7624.5647  0.3122
   00021    0.4284   -7667.2852  0.3131
   00022    0.4480   -7726.5389  0.3113
   00023    0.4316   -7756.7019  0.3179
   00024    0.4412   -7693.0105  0.3227
   00025    0.4268   -7763.0078  0.3213
   00026    0.4344   -7783.4077  0.3237
   00027    0.4336   -7773.0762  0.3264
   00028    0.4344   -7789.2555  0.3256
   00029    0.4320   -7779.7071  0.3310
   00030    0.4528   -7771.1868  0.3360
   00031    0.4360   -7854.8701  0.3421
   00032    0.4372   -7849.3759  0.3413
   00033    0.4296   -7922.8524  0.3439
   00034    0.4376   -7917.4680  0.3417
   00035    0.4308   -7972.8818  0.3449
   00036    0.4268   -7961.2115  0.3495
   00037    0.4236   -7999.1201  0.3481
   00038    0.4408   -7993.7232  0.3462
   00039    0.4188   -7985.8920  0.3466
   00040    0.4088   -7967.2514  0.3404
   00041    0.4352   -7992.7170  0.3389
   00042    0.4392   -7983.1194  0.3498
   00043    0.4184   -7982.4012  0.3509
   00044    0.4436   -8046.4907  0.3531
   00045    0.4276   -8081.5778  0.3615
   00046    0.4180   -8110.4528  0.3529
   00047    0.4288   -8060.6484  0.3609
   00048    0.4208   -8079.4836  0.3675
   00049    0.4332   -8032.3726  0.3738
   00050    0.4404   -8060.2497  0.3699
   00051    0.4052   -8003.1117  0.3673
   00052    0.4252   -8033.0144  0.3698
   00053    0.4228   -8025.7529  0.3629
   00054    0.4220   -8073.6555  0.3614
   00055    0.4312   -8015.9509  0.3683
   00056    0.4356   -8059.6775  0.3736
   00057    0.4268   -8071.1506  0.3728
   00058    0.4208   -8095.5529  0.3759
   00059    0.4264   -8120.7832  0.3768
   00060    0.4084   -8138.1324  0.3746
   00061    0.4288   -8155.0822  0.3800
   00062    0.4120   -8158.2264  0.3826
   00063    0.4168   -8184.6725  0.3857
   00064    0.4200   -8157.0364  0.3891
   00065    0.4232   -8108.6897  0.3899
   00066    0.4248   -8103.9567  0.3933
   00067    0.4156   -8133.2118  0.3928
   00068    0.4308   -8157.0533  0.3982
   00069    0.4236   -8142.1129  0.3921
   00070    0.4196   -8126.4828  0.3954
   00071    0.4160   -8128.6424  0.3964
   00072    0.4244   -8138.3950  0.3972
   00073    0.4104   -8103.0902  0.3957
   00074    0.4216   -8136.7263  0.3900
   00075    0.4276   -8147.7994  0.3936
   00076    0.4228   -8174.5210  0.3934
   00077    0.4212   -8191.0918  0.3960
   00078    0.4208   -8192.7214  0.3961
   00079    0.4260   -8176.1660  0.3951
   00080    0.4232   -8184.1685  0.4031
   00081    0.4420   -8172.2524  0.4028
   00082    0.4248   -8259.1890  0.4100
   00083    0.4188   -8323.3696  0.4074
   00084    0.4188   -8278.7345  0.4081
   00085    0.4072   -8289.1784  0.4071
   00086    0.4264   -8261.8881  0.4101
   00087    0.4200   -8261.1699  0.4133
   00088    0.4096   -8323.3100  0.4170
   00089    0.4232   -8299.5676  0.4178
   00090    0.4220   -8322.0887  0.4169
   00091    0.4308   -8322.1928  0.4216
   00092    0.4256   -8286.4772  0.4210
   00093    0.4140   -8237.0223  0.4315
   00094    0.4324   -8267.3328  0.4305
   00095    0.4080   -8295.6523  0.4339
   00096    0.4204   -8282.1755  0.4345
   00097    0.4112   -8280.4892  0.4393
   00098    0.4116   -8334.7894  0.4439
   00099    0.4272   -8305.8088  0.4426
   00100    0.4092   -8321.1767  0.4430
   00101    0.4280   -8322.3552  0.4437
   00102    0.4192   -8334.1146  0.4396
   00103    0.4136   -8306.1742  0.4415
   00104    0.4216   -8303.1994  0.4405
   00105    0.4232   -8241.1020  0.4454
   00106    0.4092   -8252.2285  0.4474
   00107    0.4132   -8242.9507  0.4470
   00108    0.4144   -8255.7410  0.4546
   00109    0.4332   -8317.2505  0.4495
   00110    0.4224   -8332.6131  0.4459
   00111    0.4304   -8349.1634  0.4503
   00112    0.4296   -8371.4500  0.4509
   00113    0.4080   -8371.2011  0.4505
   00114    0.4168   -8339.7452  0.4516
   00115    0.4104   -8344.7279  0.4526
   00116    0.3948   -8300.1104  0.4538
   00117    0.4176   -8302.2002  0.4475
   00118    0.4160   -8320.6539  0.4515
   00119    0.4184   -8324.2525  0.4553
   00120    0.4104   -8346.7824  0.4593
   00121    0.4284   -8353.9878  0.4575
   00122    0.4152   -8331.2315  0.4570
   00123    0.4124   -8360.2720  0.4551
   00124    0.4096   -8353.8719  0.4542
   00125    0.4268   -8390.2151  0.4560
   00126    0.4164   -8323.6054  0.4513
   00127    0.4080   -8298.1507  0.4571
   00128    0.4136   -8311.4874  0.4611
   00129    0.4168   -8383.1744  0.4674
   00130    0.4264   -8381.6481  0.4625
   00131    0.4140   -8357.8444  0.4683
   00132    0.4280   -8373.7302  0.4680
   00133    0.4180   -8387.8529  0.4651
   00134    0.4344   -8394.0674  0.4648
   00135    0.4360   -8345.8033  0.4622
   00136    0.4216   -8351.8523  0.4615
   00137    0.3948   -8353.0975  0.4691
   00138    0.4104   -8343.4119  0.4642
   00139    0.4204   -8352.0996  0.4655
   00140    0.4120   -8393.9204  0.4730
   00141    0.4068   -8355.9015  0.4691
   00142    0.4072   -8352.9380  0.4688
   00143    0.4148   -8341.3795  0.4669
   00144    0.4232   -8366.3180  0.4642
   00145    0.4008   -8364.0553  0.4662
   00146    0.4060   -8349.8856  0.4660
   00147    0.4128   -8347.9634  0.4617
   00148    0.4208   -8365.7688  0.4644
   00149    0.4148   -8385.4312  0.4636
   00150    0.4100   -8415.0527  0.4638
   00151    0.4112   -8428.3445  0.4660
   00152    0.4040   -8393.2461  0.4691
   00153    0.3984   -8364.2275  0.4659
   00154    0.4248   -8386.3548  0.4701
   00155    0.4144   -8327.7903  0.4650
   00156    0.4012   -8348.8949  0.4655
   00157    0.4344   -8326.2529  0.4675
   00158    0.4112   -8337.5308  0.4677
   00159    0.4332   -8337.4123  0.4729
   00160    0.4012   -8324.6473  0.4702
   00161    0.4304   -8336.8077  0.4762
   00162    0.4032   -8347.6305  0.4828
   00163    0.4264   -8350.3026  0.4819
   00164    0.4220   -8333.4408  0.4770
   00165    0.4264   -8296.3041  0.4808
   00166    0.4200   -8332.0210  0.4791
   00167    0.4244   -8327.4466  0.4836
   00168    0.4144   -8362.2686  0.4833
   00169    0.4040   -8347.0675  0.4838
   00170    0.4044   -8358.7013  0.4768
   00171    0.4136   -8371.2039  0.4863
   00172    0.4212   -8418.0370  0.4893
   00173    0.4208   -8424.7974  0.4958
   00174    0.4276   -8384.1869  0.4987
   00175    0.4168   -8400.0718  0.4934
   00176    0.4068   -8382.9821  0.4969
   00177    0.4136   -8439.4478  0.4920
   00178    0.4076   -8476.6637  0.4891
   00179    0.4208   -8421.9403  0.4875
   00180    0.4120   -8396.8600  0.4897
   00181    0.4372   -8411.8657  0.4933
   00182    0.4160   -8404.3020  0.4930
   00183    0.4108   -8438.2379  0.4864
   00184    0.4196   -8473.4821  0.4792
   00185    0.4120   -8456.2813  0.4767
   00186    0.4128   -8464.2798  0.4751
   00187    0.3896   -8442.7359  0.4726
   00188    0.4124   -8455.3524  0.4758
   00189    0.4148   -8405.1313  0.4732
   00190    0.4096   -8432.0169  0.4801
   00191    0.4268   -8479.3075  0.4864
   00192    0.3964   -8456.0610  0.4840
   00193    0.4236   -8419.6043  0.4827
   00194    0.3936   -8398.8473  0.4811
   00195    0.4244   -8353.6737  0.4845
   00196    0.4036   -8390.5256  0.4846
   00197    0.4044   -8430.9654  0.4900
   00198    0.3912   -8423.7137  0.4924
   00199    0.4260   -8424.1718  0.4879
   00200    0.4184   -8404.5279  0.4998
   00201    0.4252   -8390.3505  0.4954
   00202    0.4128   -8401.9389  0.5040
   00203    0.4264   -8381.9093  0.4994
   00204    0.4156   -8449.5725  0.5028
   00205    0.4140   -8418.5884  0.5022
   00206    0.4020   -8409.9680  0.5035
   00207    0.4324   -8411.8501  0.5084
   00208    0.4128   -8418.5882  0.5089
   00209    0.4044   -8436.3208  0.5089
   00210    0.3980   -8470.4123  0.5122
   00211    0.4128   -8477.0967  0.5125
   00212    0.4200   -8460.8760  0.5176
   00213    0.4236   -8470.3061  0.5224
   00214    0.4196   -8496.9290  0.5267
   00215    0.4220   -8529.9740  0.5285
   00216    0.4128   -8473.6164  0.5282
   00217    0.4312   -8421.7809  0.5301
   00218    0.4104   -8445.4833  0.5290
   00219    0.4100   -8485.7563  0.5296
   00220    0.4120   -8454.0236  0.5324
   00221    0.4076   -8471.6145  0.5299
   00222    0.4244   -8439.8216  0.5299
   00223    0.4052   -8453.4384  0.5270
   00224    0.4108   -8425.6840  0.5199
   00225    0.4148   -8424.8856  0.5238
   00226    0.4164   -8439.5553  0.5225
   00227    0.4224   -8427.2243  0.5198
   00228    0.4060   -8410.5023  0.5283
   00229    0.4116   -8419.3869  0.5308
   00230    0.4160   -8361.3176  0.5268
   00231    0.4164   -8405.2312  0.5397
   00232    0.4232   -8450.7116  0.5370
   00233    0.4116   -8413.7874  0.5436
   00234    0.4108   -8428.0623  0.5457
   00235    0.4080   -8415.2385  0.5447
   00236    0.4208   -8455.9094  0.5466
   00237    0.4272   -8443.4285  0.5550
   00238    0.4176   -8449.0778  0.5601
   00239    0.4072   -8458.1532  0.5562
   00240    0.4152   -8430.7199  0.5540
   00241    0.4020   -8448.4173  0.5573
   00242    0.4104   -8478.5679  0.5556
   00243    0.3864   -8438.9567  0.5490
   00244    0.4228   -8432.4461  0.5544
   00245    0.4380   -8429.3539  0.5495
   00246    0.4080   -8443.9124  0.5527
   00247    0.4260   -8428.7359  0.5516
   00248    0.4160   -8454.7294  0.5516
   00249    0.4204   -8473.5526  0.5504
   00250    0.4068   -8480.4030  0.5501
   00251    0.4136   -8481.6599  0.5532
   00252    0.4200   -8462.7286  0.5561
   00253    0.4332   -8481.7365  0.5577
   00254    0.3960   -8477.0500  0.5568
   00255    0.3800   -8496.1425  0.5592
   00256    0.4184   -8452.0114  0.5510
   00257    0.4020   -8434.6399  0.5519
   00258    0.4156   -8425.4222  0.5508
   00259    0.4068   -8478.7081  0.5591
   00260    0.3992   -8458.4251  0.5612
   00261    0.4192   -8441.4548  0.5633
   00262    0.4096   -8451.8937  0.5560
   00263    0.4104   -8489.8441  0.5534
   00264    0.3932   -8463.7807  0.5594
   00265    0.4096   -8443.9814  0.5548
   00266    0.4052   -8409.3737  0.5509
   00267    0.4288   -8381.8222  0.5510
   00268    0.4064   -8455.5934  0.5553
   00269    0.4108   -8447.9677  0.5586
   00270    0.4192   -8426.5644  0.5523
   00271    0.3976   -8479.5154  0.5511
   00272    0.4192   -8491.6887  0.5510
   00273    0.4264   -8461.3837  0.5477
   00274    0.4052   -8457.6064  0.5499
   00275    0.3964   -8452.9669  0.5541
   00276    0.4172   -8467.4277  0.5531
   00277    0.4084   -8432.5881  0.5497
   00278    0.4048   -8424.7721  0.5518
   00279    0.4188   -8392.2618  0.5578
   00280    0.4304   -8404.1673  0.5623
   00281    0.4100   -8439.3095  0.5673
   00282    0.4032   -8481.3146  0.5695
   00283    0.4160   -8479.4466  0.5684
   00284    0.4068   -8475.9043  0.5627
   00285    0.4060   -8475.7379  0.5543
   00286    0.3976   -8457.5749  0.5454
   00287    0.4116   -8430.9356  0.5478
   00288    0.4172   -8450.8997  0.5488
   00289    0.4060   -8469.3298  0.5488
   00290    0.4180   -8433.1491  0.5453
   00291    0.4220   -8449.9465  0.5433
   00292    0.4280   -8464.7369  0.5401
   00293    0.4108   -8455.3895  0.5436
   00294    0.4148   -8444.6552  0.5396
   00295    0.4132   -8449.0138  0.5466
   00296    0.4248   -8476.9244  0.5468
   00297    0.4068   -8470.5320  0.5443
   00298    0.4156   -8499.8788  0.5463
   00299    0.4052   -8495.5684  0.5401
   00300    0.4180   -8483.0987  0.5366
   00301    0.4268   -8450.5025  0.5351
   00302    0.4028   -8478.0931  0.5402
   00303    0.4188   -8510.3488  0.5407
   00304    0.4264   -8529.8459  0.5434
   00305    0.4064   -8526.9895  0.5396
   00306    0.4168   -8515.9556  0.5404
   00307    0.4028   -8524.6052  0.5487
   00308    0.4144   -8508.0023  0.5472
   00309    0.4216   -8516.2039  0.5470
   00310    0.4072   -8485.0686  0.5488
   00311    0.4040   -8494.4041  0.5492
   00312    0.4156   -8526.1494  0.5447
   00313    0.4168   -8482.5737  0.5471
   00314    0.4252   -8470.4765  0.5524
   00315    0.4196   -8472.6278  0.5544
   00316    0.3952   -8464.5415  0.5488
   00317    0.4100   -8448.7107  0.5417
   00318    0.4396   -8468.4156  0.5406
   00319    0.4080   -8455.8284  0.5369
   00320    0.4072   -8446.6101  0.5389
   00321    0.4160   -8474.9680  0.5390
   00322    0.4168   -8462.8060  0.5363
   00323    0.4072   -8447.4571  0.5342
   00324    0.4020   -8451.5494  0.5316
   00325    0.4172   -8463.9858  0.5336
   00326    0.4004   -8460.0408  0.5329
   00327    0.4100   -8522.7355  0.5273
   00328    0.4076   -8516.4095  0.5227
   00329    0.3944   -8501.3540  0.5216
   00330    0.4136   -8496.8411  0.5233
   00331    0.4076   -8550.7682  0.5297
   00332    0.4132   -8502.0634  0.5266
   00333    0.4192   -8485.2505  0.5244
   00334    0.4084   -8468.7620  0.5274
   00335    0.4172   -8469.3752  0.5251
   00336    0.4044   -8513.2269  0.5233
   00337    0.4200   -8479.8304  0.5209
   00338    0.4160   -8468.0279  0.5294
   00339    0.4188   -8496.2930  0.5335
   00340    0.4084   -8487.0432  0.5405
   00341    0.4196   -8461.3273  0.5426
   00342    0.4084   -8443.8944  0.5412
   00343    0.4064   -8478.2695  0.5394
   00344    0.4072   -8506.1982  0.5435
   00345    0.4064   -8520.8071  0.5393
   00346    0.4148   -8502.4568  0.5374
   00347    0.4060   -8502.0426  0.5382
   00348    0.4008   -8528.1784  0.5409
   00349    0.4140   -8526.5841  0.5386
   00350    0.3996   -8523.5641  0.5397
   00351    0.3920   -8550.0595  0.5400
   00352    0.4300   -8531.5753  0.5369
   00353    0.4096   -8522.8083  0.5319
   00354    0.4072   -8495.9654  0.5304
   00355    0.4108   -8508.0561  0.5317
   00356    0.4252   -8496.9650  0.5333
   00357    0.4280   -8437.6615  0.5302
   00358    0.4048   -8446.0172  0.5279
   00359    0.4168   -8417.2655  0.5284
   00360    0.4208   -8434.1000  0.5336
   00361    0.4168   -8437.2873  0.5307
   00362    0.4032   -8443.8744  0.5275
   00363    0.4028   -8483.1138  0.5292
   00364    0.4168   -8477.7344  0.5313
   00365    0.4212   -8449.9470  0.5357
   00366    0.4180   -8469.6193  0.5335
   00367    0.3892   -8472.5436  0.5400
   00368    0.4152   -8514.4210  0.5443
   00369    0.4164   -8546.8531  0.5489
   00370    0.4120   -8538.9275  0.5481
   00371    0.4124   -8519.6437  0.5457
   00372    0.4176   -8497.7196  0.5394
   00373    0.4108   -8477.2427  0.5347
   00374    0.4320   -8453.4855  0.5375
   00375    0.4232   -8510.6811  0.5331
   00376    0.4128   -8494.9544  0.5279
   00377    0.4216   -8522.3628  0.5274
   00378    0.4044   -8552.0663  0.5273
   00379    0.4080   -8494.2344  0.5233
   00380    0.3984   -8546.8260  0.5231
   00381    0.4256   -8553.3882  0.5182
   00382    0.3908   -8513.7945  0.5185
   00383    0.4196   -8503.6412  0.5220
   00384    0.4148   -8501.3003  0.5188
   00385    0.4112   -8465.8685  0.5202
   00386    0.4240   -8446.5643  0.5239
   00387    0.3920   -8484.6630  0.5221
   00388    0.4056   -8478.0829  0.5219
   00389    0.4052   -8493.4587  0.5253
   00390    0.4184   -8458.0831  0.5256
   00391    0.3928   -8445.7913  0.5234
   00392    0.4140   -8423.6216  0.5287
   00393    0.4308   -8447.5395  0.5208
   00394    0.4080   -8439.2335  0.5189
   00395    0.4168   -8462.3672  0.5198
   00396    0.4016   -8473.5134  0.5209
   00397    0.4060   -8488.2310  0.5180
   00398    0.4056   -8510.0822  0.5206
   00399    0.4120   -8484.9288  0.5197
   00400    0.4084   -8475.9099  0.5182
   00401    0.4024   -8476.5472  0.5208
   00402    0.4200   -8427.1519  0.5164
   00403    0.4164   -8468.1361  0.5179
   00404    0.4144   -8510.8584  0.5214
   00405    0.4220   -8486.7577  0.5177
   00406    0.3952   -8445.2647  0.5060
   00407    0.4188   -8475.0717  0.5025
   00408    0.4068   -8479.8316  0.5043
   00409    0.4068   -8476.3804  0.5016
   00410    0.4124   -8442.7402  0.5043
   00411    0.4168   -8418.7486  0.5010
   00412    0.4176   -8448.3038  0.5014
   00413    0.4088   -8457.0401  0.5031
   00414    0.4280   -8434.9300  0.5067
   00415    0.4228   -8461.9196  0.5138
   00416    0.4020   -8468.6302  0.5150
   00417    0.4232   -8487.2291  0.5132
   00418    0.4056   -8483.0757  0.5129
   00419    0.4192   -8538.2638  0.5085
   00420    0.4108   -8504.1086  0.5155
   00421    0.4012   -8459.8743  0.5181
   00422    0.4232   -8481.7439  0.5206
   00423    0.4072   -8444.3075  0.5169
   00424    0.4096   -8513.0392  0.5192
   00425    0.4072   -8520.3962  0.5166
   00426    0.4016   -8566.4005  0.5137
   00427    0.3880   -8543.8075  0.5150
   00428    0.4128   -8513.3721  0.5110
   00429    0.3948   -8484.0883  0.5112
   00430    0.4268   -8527.6314  0.5091
   00431    0.4012   -8509.2074  0.5104
   00432    0.4204   -8429.3537  0.5131
   00433    0.4080   -8465.8062  0.5134
   00434    0.4152   -8430.9184  0.5131
   00435    0.4184   -8469.1894  0.5156
   00436    0.4132   -8420.6569  0.5096
   00437    0.4228   -8451.4089  0.5099
   00438    0.4152   -8462.8782  0.5130
   00439    0.4104   -8446.1924  0.5143
   00440    0.4036   -8400.9215  0.5126
   00441    0.4256   -8439.7800  0.5111
   00442    0.4108   -8486.9576  0.5129
   00443    0.4380   -8431.9027  0.5081
   00444    0.3932   -8474.8598  0.5103
   00445    0.4148   -8462.5647  0.5108
   00446    0.3988   -8428.0331  0.5145
   00447    0.4164   -8498.9460  0.5153
   00448    0.4044   -8528.6480  0.5170
   00449    0.4252   -8524.0311  0.5168
   00450    0.4064   -8532.0961  0.5213
   00451    0.4120   -8509.0698  0.5230
   00452    0.4180   -8548.3188  0.5223
   00453    0.4220   -8539.7011  0.5216
   00454    0.4208   -8468.7595  0.5224
   00455    0.4128   -8510.0022  0.5302
   00456    0.4136   -8536.6161  0.5281
   00457    0.4092   -8466.5576  0.5304
   00458    0.4272   -8492.9409  0.5308
   00459    0.3908   -8452.7426  0.5324
   00460    0.3980   -8453.0012  0.5328
   00461    0.4224   -8464.0825  0.5323
   00462    0.4328   -8500.8187  0.5359
   00463    0.4048   -8535.6960  0.5402
   00464    0.4260   -8490.6460  0.5367
   00465    0.4128   -8481.0118  0.5377
   00466    0.4180   -8514.6086  0.5352
   00467    0.4036   -8471.1639  0.5344
   00468    0.4376   -8474.7774  0.5317
   00469    0.4112   -8449.5222  0.5311
   00470    0.4224   -8411.1181  0.5271
   00471    0.4172   -8443.7336  0.5271
   00472    0.4128   -8457.0003  0.5339
   00473    0.4152   -8434.0445  0.5351
   00474    0.4112   -8456.5972  0.5393
   00475    0.4236   -8475.4796  0.5381
   00476    0.4000   -8451.0781  0.5279
   00477    0.4096   -8493.5941  0.5285
   00478    0.3924   -8466.7282  0.5306
   00479    0.4108   -8451.5628  0.5348
   00480    0.4060   -8420.7458  0.5348
   00481    0.4096   -8445.5335  0.5331
   00482    0.4064   -8508.8131  0.5264
   00483    0.4132   -8496.6024  0.5343
   00484    0.4156   -8478.8291  0.5349
   00485    0.4268   -8505.0300  0.5362
   00486    0.3956   -8546.8820  0.5380
   00487    0.4112   -8531.5753  0.5390
   00488    0.4028   -8508.1960  0.5392
   00489    0.4044   -8462.7122  0.5385
   00490    0.4176   -8485.2840  0.5363
   00491    0.4208   -8499.1725  0.5344
   00492    0.4076   -8497.0082  0.5369
   00493    0.4080   -8501.8637  0.5327
   00494    0.4144   -8523.8560  0.5309
   00495    0.4128   -8496.1370  0.5293
   00496    0.4216   -8502.9186  0.5316
   00497    0.4180   -8534.0839  0.5340
   00498    0.4052   -8503.2526  0.5308
   00499    0.4096   -8460.7177  0.5320
   00500    0.4148   -8471.5171  0.5376
