#=====================================================
# File created:        Fri-21-Feb-2025-at-04-06-43PM
# Size of lattice:     50x50
# Number of MC steps:  500
# Reduced temperature: 0.500
# Run time (s):        14.418260
#=====================================================
# MC step:  Ratio:     Energy:   Order:
#=====================================================
   00000    0.5000   -2356.1449  0.2678
   00001    0.6844   -3535.7012  0.2628
   00002    0.6340   -4367.4529  0.2634
   00003    0.5872   -4937.9036  0.2581
   00004    0.5708   -5480.9437  0.2699
   00005    0.5344   -5863.8595  0.2760
   00006    0.5088   -6135.0391  0.2822
   00007    0.5160   -6399.6473  0.2821
   00008    0.4916   -6566.5967  0.2827
   00009    0.4828   -6761.3967  0.2855
   00010    0.4732   -6903.2383  0.2912
   00011    0.4732   -6994.6104  0.2906
   00012    0.4540   -7098.2720  0.2962
   00013    0.4744   -7186.3454  0.3020
   00014    0.4580   -7231.0393  0.3099
   00015    0.4604   -7348.2704  0.3132
   00016    0.4528   -7380.7106  0.3143
   00017    0.4592   -7449.0095  0.3207
   00018    0.4604   -7525.5315  0.3233
   00019    0.4528   -7567.1948  0.3246
   00020    0.4388   -7619.5791  0.3272
   00021    0.4268   -7718.4511  0.3334
   00022    0.4480   -7695.6765  0.3392
   00023    0.4544   -7683.1038  0.3441
   00024    0.4612   -7701.9166  0.3463
   00025    0.4520   -7701.5549  0.3447
   00026    0.4364   -7757.6104  0.3458
   00027    0.4444   -7793.8804  0.3428
   00028    0.4556   -7784.6180  0.3429
   00029    0.4396   -7844.9104  0.3388
   00030    0.4452   -7863.3364  0.3318
   00031    0.4488   -7831.9846  0.3334
   00032    0.4332   -7870.1040  0.3340
   00033    0.4460   -7867.5482  0.3325
   00034    0.4316   -7846.7949  0.3321
   00035    0.4160   -7881.2834  0.3348
   00036    0.4300   -7864.8827  0.3352
   00037    0.4340   -7877.4970  0.3347
   00038    0.4388   -7907.0970  0.3354
   00039    0.4240   -7925.5960  0.3359
   00040    0.4224   -7908.4141  0.3434
   00041    0.4312   -7959.6676  0.3388
   00042    0.4292   -7960.5117  0.3418
   00043    0.4256   -7944.1845  0.3493
   00044    0.4260   -7923.4821  0.3497
   00045    0.4340   -7967.2051  0.3515
   00046    0.4140   -8021.0035  0.3625
   00047    0.4348   -8006.3862  0.3629
   00048    0.4128   -8079.5266  0.3632
   00049    0.4316   -8097.8467  0.3673
   00050    0.4188   -8093.3870  0.3660
   00051    0.4348   -8100.3194  0.3681
   00052    0.4224   -8050.0617  0.3748
   00053    0.4324   -8038.7870  0.3759
   00054    0.4448   -8090.5337  0.3780
   00055    0.4144   -8093.0168  0.3839
   00056    0.4148   -8075.2083  0.3857
   00057    0.4224   -8103.4677  0.3882
   00058    0.4192   -8130.6521  0.3827
   00059    0.4288   -8151.9616  0.3871
   00060    0.4156   -8201.1526  0.3879
   00061    0.4372   -8177.4191  0.3867
   00062    0.4336   -8181.2891  0.3861
   00063    0.4132   -8171.4863  0.3841
   00064    0.4192   -8190.7966  0.3842
   00065    0.4324   -8183.3344  0.3903
   00066    0.4156   -8175.9610  0.3852
   00067    0.4312   -8165.6858  0.3869
   00068    0.4352   -8191.2210  0.3815
   00069    0.4172   -8211.7629  0.3854
   00070    0.4264   -8198.4210  0.3877
   00071    0.4304   -8179.0175  0.3863
   00072    0.4152   -8186.5200  0.3914
   00073    0.4240   -8187.5889  0.3935
   00074    0.4296   -8185.0919  0.3914
   00075    0.4216   -8155.3798  0.3884
   00076    0.4432   -8175.7003  0.3879
   00077    0.4096   -8189.5307  0.3906
   00078    0.4356   -8159.2887  0.3943
   00079    0.4136   -8180.4501  0.3971
   00080    0.4336   -8138.7696  0.4010
   00081    0.4408   -8181.4147  0.4002
   00082    0.4200   -8184.4412  0.3980
   00083    0.4296   -8208.9001  0.3945
   00084    0.4236   -8221.7709  0.3919
   00085    0.4208   -8174.7870  0.3894
   00086    0.4108   -8203.1749  0.3879
   00087    0.4132   -8208.6679  0.3893
   00088    0.4048   -8188.0644  0.3867
   00089    0.4152   -8149.8188  0.3842
   00090    0.4352   -8136.3199  0.3883
   00091    0.4220   -8205.1653  0.3881
   00092    0.4340   -8164.5155  0.3830
   00093    0.4120   -8182.8413  0.3870
   00094    0.4224   -8142.6316  0.3863
   00095    0.4120   -8199.6574  0.3824
   00096    0.4216   -8265.6996  0.3836
   00097    0.4124   -8254.2222  0.3884
   00098    0.4376   -8260.8129  0.3935
   00099    0.4232   -8253.6598  0.3957
   00100    0.4156   -8238.6956  0.3882
   00101    0.4236   -8231.4512  0.3855
   00102    0.4288   -8268.1440  0.3849
   00103    0.4044   -8332.0831  0.3846
   00104    0.4120   -8312.2037  0.3882
   00105    0.4184   -8287.4911  0.3847
   00106    0.4484   -8278.5894  0.3870
   00107    0.4280   -8249.3774  0.3885
   00108    0.4320   -8283.2185  0.3906
   00109    0.4248   -8329.8175  0.3921
   00110    0.4032   -8330.2172  0.3921
   00111    0.4140   -8322.5980  0.3899
   00112    0.4132   -8319.1642  0.3950
   00113    0.4088   -8319.3809  0.3970
   00114    0.4304   -8344.6986  0.4026
   00115    0.4160   -8363.5977  0.3968
   00116    0.4216   -8378.1284  0.3993
   00117    0.4172   -8313.8502  0.3986
   00118    0.4160   -8306.8066  0.4020
   00119    0.4296   -8305.8860  0.4054
   00120    0.4128   -8330.3550  0.4104
   00121    0.4064   -8364.6162  0.4114
   00122    0.4148   -8368.1537  0.4104
   00123    0.4152   -8404.2556  0.4059
   00124    0.4068   -8358.5689  0.4073
   00125    0.4336   -8344.4372  0.4029
   00126    0.4212   -8391.1268  0.3997
   00127    0.4248   -8343.4458  0.4013
   00128    0.4104   -8316.1535  0.3995
   00129    0.4248   -8310.6118  0.3960
   00130    0.4212   -8335.9930  0.3939
   00131    0.4192   -8352.2916  0.3967
   00132    0.4188   -8283.9251  0.3922
   00133    0.4264   -8261.5638  0.3946
   00134    0.4100   -8274.7440  0.3956
   00135    0.4064   -8315.8202  0.3978
   00136    0.4256   -8360.7067  0.4032
   00137    0.4100   -8349.4197  0.4095
   00138    0.3996   -8295.9373  0.4107
   00139    0.4100   -8291.3356  0.4086
   00140    0.4092   -8339.1117  0.4105
   00141    0.4188   -8341.9696  0.4185
   00142    0.3948   -8318.3819  0.4188
   00143    0.4324   -8277.0739  0.4178
   00144    0.4380   -8318.4538  0.4215
   00145    0.4148   -8337.1248  0.4198
   00146    0.4192   -8299.3794  0.4166
   00147    0.4144   -8274.5135  0.4162
   00148    0.4176   -8254.6744  0.4187
   00149    0.4216   -8313.7242  0.4232
   00150    0.4228   -8357.0511  0.4208
   00151    0.4312   -8395.7756  0.4210
   00152    0.4076   -8369.8634  0.4254
   00153    0.4244   -8347.9062  0.4172
   00154    0.4152   -8347.5784  0.4212
   00155    0.4164   -8368.6181  0.4238
   00156    0.4308   -8386.3191  0.4291
   00157    0.4116   -8376.7364  0.4303
   00158    0.4000   -8385.5572  0.4290
   00159    0.4148   -8361.9697  0.4343
   00160    0.4216   -8371.9305  0.4389
   00161    0.4152   -8386.2079  0.4374
   00162    0.4012   -8356.8508  0.4357
   00163    0.4196   -8394.9216  0.4392
   00164    0.4088   -8423.4027  0.4435
   00165    0.4096   -8436.3554  0.4457
   00166    0.4120   -8456.2480  0.4532
   00167    0.3972   -8421.5678  0.4550
   00168    0.4264   -8460.9944  0.4485
   00169    0.3964   -8426.9251  0.4501
   00170    0.4120   -8441.5470  0.4562
   00171    0.4200   -8450.8234  0.4516
   00172    0.4076   -8423.3402  0.4541
   00173    0.4072   -8374.9311  0.4513
   00174    0.3960   -8384.5624  0.4486
   00175    0.4132   -8402.0660  0.4465
   00176    0.4344   -8396.9741  0.4469
   00177    0.4056   -8444.0397  0.4489
   00178    0.4304   -8469.1116  0.4487
   00179    0.4272   -8485.2419  0.4495
   00180    0.3984   -8460.8637  0.4509
   00181    0.4272   -8432.0317  0.4542
   00182    0.3972   -8426.6326  0.4455
   00183    0.4148   -8418.2597  0.4443
   00184    0.4232   -8360.7848  0.4510
   00185    0.4280   -8346.5352  0.4515
   00186    0.4136   -8321.0506  0.4533
   00187    0.4204   -8349.6015  0.4575
   00188    0.4160   -8370.3058  0.4595
   00189    0.4256   -8370.4999  0.4608
   00190    0.4136   -8397.5939  0.4657
   00191    0.4256   -8400.2084  0.4721
   00192    0.4084   -8331.5125  0.4614
   00193    0.4392   -8355.2119  0.4677
   00194    0.4236   -8331.6323  0.4641
   00195    0.4116   -8336.0662  0.4695
   00196    0.4364   -8356.6615  0.4755
   00197    0.4068   -8384.0538  0.4781
   00198    0.4208   -8392.0358  0.4727
   00199    0.4224   -8370.6156  0.4713
   00200    0.4280   -8411.4034  0.4680
   00201    0.4004   -8438.7236  0.4679
   00202    0.4132   -8463.9063  0.4673
   00203    0.4168   -8485.5630  0.4656
   00204    0.4236   -8465.8242  0.4676
   00205    0.4016   -8462.4069  0.4687
   00206    0.4148   -8448.7120  0.4668
   00207    0.4056   -8411.8144  0.4615
   00208    0.4376   -8364.1188  0.4648
   00209    0.4152   -8364.9525  0.4628
   00210    0.4160   -8393.1787  0.4600
   00211    0.4156   -8387.0069  0.4556
   00212    0.4056   -8375.9926  0.4473
   00213    0.4084   -8388.8319  0.4447
   00214    0.4160   -8392.3254  0.4430
   00215    0.4204   -8431.6948  0.4476
   00216    0.4044   -8389.1489  0.4531
   00217    0.4080   -8381.2094  0.4543
   00218    0.4220   -8399.3289  0.4510
   00219    0.4128   -8405.3684  0.4576
   00220    0.4080   -8427.3842  0.4556
   00221    0.4112   -8434.2563  0.4584
   00222    0.4220   -8433.4128  0.4530
   00223    0.4104   -8416.5471  0.4526
   00224    0.4020   -8443.4532  0.4569
   00225    0.4208   -8417.3232  0.4558
   00226    0.4024   -8445.8777  0.4531
   00227    0.4148   -8413.0985  0.4554
   00228    0.4052   -8388.1184  0.4581
   00229    0.4120   -8417.0751  0.4635
   00230    0.4068   -8424.8423  0.4632
   00231    0.4168   -8388.2513  0.4568
   00232    0.4300   -8388.6327  0.4665
   00233    0.4064   -8433.3196  0.4684
   00234    0.4300   -8447.2718  0.4769
   00235    0.4224   -8410.0383  0.4775
   00236    0.4104   -8440.0557  0.4843
   00237    0.4052   -8417.8052  0.4816
   00238    0.4148   -8462.0497  0.4781
   00239    0.4084   -8483.6355  0.4779
   00240    0.4192   -8501.5802  0.4849
   00241    0.4148   -8475.3694  0.4860
   00242    0.4184   -8454.7179  0.4907
   00243    0.3972   -8453.7351  0.4899
   00244    0.4328   -8406.0030  0.4906
   00245    0.4148   -8386.7337  0.4970
   00246    0.4188   -8398.4457  0.4990
   00247    0.4184   -8394.0746  0.5002
   00248    0.4012   -8401.2355  0.5001
   00249    0.4208   -8432.1965  0.5013
   00250    0.4084   -8436.4525  0.4968
   00251    0.4204   -8422.1793  0.4971
   00252    0.4232   -8442.4353  0.4962
   00253    0.4052   -8435.4926  0.4987
   00254    0.3968   -8448.9196  0.5001
   00255    0.4244   -8409.9040  0.5034
   00256    0.4060   -8451.2800  0.5042
   00257    0.4164   -8454.0001  0.4983
   00258    0.4192   -8422.7498  0.4987
   00259    0.4256   -8396.3385  0.4991
   00260    0.4160   -8421.2099  0.5000
   00261    0.4044   -8443.4449  0.4964
   00262    0.4168   -8414.7646  0.4957
   00263    0.4068   -8459.9085  0.4944
   00264    0.4192   -8482.9369  0.5023
   00265    0.4160   -8483.4965  0.5039
   00266    0.4088   -8463.6357  0.5090
   00267    0.3988   -8469.3144  0.5110
   00268    0.3984   -8453.0206  0.5132
   00269    0.3932   -8485.4202  0.5136
   00270    0.4168   -8486.8620  0.5121
   00271    0.4108   -8472.2407  0.5148
   00272    0.4136   -8444.5564  0.5143
   00273    0.4272   -8410.7032  0.5189
   00274    0.4152   -8427.6083  0.5216
   00275    0.4176   -8410.0413  0.5216
   00276    0.4132   -8435.9716  0.5209
   00277    0.4064   -8434.9868  0.5260
   00278    0.4092   -8414.6880  0.5255
   00279    0.4064   -8389.6144  0.5250
   00280    0.4020   -8412.7723  0.5275
   00281    0.4112   -8388.9777  0.5266
   00282    0.4164   -8436.7292  0.5289
   00283    0.4152   -8461.4256  0.5318
   00284    0.4068   -8498.0058  0.5310
   00285    0.4152   -8505.3135  0.5297
   00286    0.4180   -8496.2233  0.5314
   00287    0.4156   -8502.7329  0.5321
   00288    0.4084   -8476.8263  0.5275
   00289    0.4060   -8455.6327  0.5301
   00290    0.4036   -8449.7409  0.5313
   00291    0.4432   -8446.6809  0.5384
   00292    0.4304   -8467.1650  0.5458
   00293    0.4208   -8449.0993  0.5421
   00294    0.4264   -8446.4739  0.5463
   00295    0.4260   -8442.1424  0.5444
   00296    0.4164   -8457.1859  0.5533
   00297    0.4288   -8444.1933  0.5528
   00298    0.4376   -8412.7724  0.5579
   00299    0.4120   -8427.7108  0.5578
   00300    0.4104   -8451.1132  0.5629
   00301    0.4164   -8415.5017  0.5622
   00302    0.4132   -8430.4553  0.5651
   00303    0.4148   -8426.8589  0.5681
   00304    0.4044   -8464.0347  0.5693
   00305    0.4104   -8463.6903  0.5705
   00306    0.4084   -8459.6899  0.5716
   00307    0.4128   -8486.8025  0.5694
   00308    0.4176   -8475.7343  0.5663
   00309    0.4124   -8462.3657  0.5640
   00310    0.4136   -8471.4485  0.5636
   00311    0.4052   -8443.5280  0.5652
   00312    0.4060   -8477.7191  0.5667
   00313    0.4304   -8451.4423  0.5654
   00314    0.4148   -8394.5360  0.5554
   00315    0.3968   -8438.2083  0.5488
   00316    0.4020   -8435.3659  0.5514
   00317    0.4100   -8434.4622  0.5513
   00318    0.4096   -8515.8699  0.5463
   00319    0.4100   -8463.9583  0.5440
   00320    0.4004   -8448.3685  0.5456
   00321    0.4052   -8369.8530  0.5373
   00322    0.4116   -8386.8834  0.5408
   00323    0.4380   -8405.0835  0.5367
   00324    0.4292   -8406.9451  0.5369
   00325    0.4100   -8403.1782  0.5425
   00326    0.4172   -8466.6771  0.5413
   00327    0.4144   -8458.7770  0.5427
   00328    0.4152   -8438.0462  0.5463
   00329    0.3876   -8460.6760  0.5501
   00330    0.4024   -8533.0149  0.5512
   00331    0.4092   -8482.6965  0.5561
   00332    0.4184   -8487.3037  0.5533
   00333    0.4136   -8479.8786  0.5577
   00334    0.4004   -8487.6425  0.5568
   00335    0.4036   -8520.1441  0.5620
   00336    0.4080   -8505.9588  0.5550
   00337    0.4144   -8421.7133  0.5485
   00338    0.4184   -8465.4136  0.5486
   00339    0.4180   -8486.7635  0.5505
   00340    0.4024   -8464.9064  0.5500
   00341    0.4124   -8428.9180  0.5480
   00342    0.4292   -8420.7367  0.5459
   00343    0.4224   -8402.5159  0.5473
   00344    0.4324   -8384.7071  0.5443
   00345    0.4244   -8434.4072  0.5490
   00346    0.4108   -8442.3054  0.5477
   00347    0.4156   -8456.7506  0.5488
   00348    0.4020   -8516.6671  0.5488
   00349    0.4088   -8468.5672  0.5517
   00350    0.4136   -8456.9110  0.5532
   00351    0.4120   -8442.1477  0.5508
   00352    0.4152   -8426.9544  0.5502
   00353    0.4328   -8433.0059  0.5487
   00354    0.4344   -8435.7503  0.5459
   00355    0.4072   -8449.5087  0.5452
   00356    0.4020   -8468.3485  0.5461
   00357    0.3940   -8466.5984  0.5485
   00358    0.4300   -8432.7846  0.5479
   00359    0.4072   -8407.0719  0.5427
   00360    0.4132   -8431.2020  0.5431
   00361    0.4216   -8442.7079  0.5428
   00362    0.4220   -8474.0753  0.5454
   00363    0.4252   -8501.8601  0.5514
   00364    0.3988   -8494.4591  0.5452
   00365    0.4240   -8471.7464  0.5346
   00366    0.4192   -8453.5909  0.5355
   00367    0.4036   -8475.1518  0.5426
   00368    0.4072   -8471.9613  0.5467
   00369    0.3920   -8496.8370  0.5461
   00370    0.4156   -8450.1718  0.5494
   00371    0.4192   -8435.9576  0.5467
   00372    0.4264   -8370.8963  0.5445
   00373    0.4104   -8386.3384  0.5460
   00374    0.4232   -8356.3215  0.5553
   00375    0.4212   -8377.2447  0.5591
   00376    0.4076   -8371.6776  0.5572
   00377    0.4288   -8431.2665  0.5590
   00378    0.4088   -8469.2229  0.5523
   00379    0.4124   -8490.1942  0.5533
   00380    0.4032   -8419.8428  0.5513
   00381    0.4188   -8406.9817  0.5564
   00382    0.4092   -8434.7193  0.5572
   00383    0.4144   -8412.8174  0.5502
   00384    0.4040   -8446.4961  0.5531
   00385    0.4104   -8444.2561  0.5563
   00386    0.3892   -8432.9933  0.5642
   00387    0.4108   -8482.9476  0.5694
   00388    0.4352   -8442.8734  0.5690
   00389    0.4148   -8476.6104  0.5645
   00390    0.4180   -8482.1669  0.5694
   00391    0.3976   -8469.0239  0.5684
   00392    0.4092   -8440.7595  0.5659
   00393    0.4044   -8492.5855  0.5647
   00394    0.4392   -8499.7239  0.5680
   00395    0.4212   -8550.8652  0.5663
   00396    0.4012   -8487.1788  0.5667
   00397    0.4204   -8460.2775  0.5656
   00398    0.4308   -8507.3116  0.5672
   00399    0.4136   -8471.4970  0.5612
   00400    0.4264   -8484.5803  0.5600
   00401    0.4120   -8485.9684  0.5627
   00402    0.4140   -8470.6247  0.5637
   00403    0.4280   -8481.8468  0.5653
   00404    0.4296   -8468.6227  0.5627
   00405    0.4280   -8455.7170  0.5686
   00406    0.4284   -8440.7998  0.5735
   00407    0.4328   -8463.9315  0.5775
   00408    0.4116   -8454.6618  0.5773
   00409    0.4196   -8499.3154  0.5814
   00410    0.4020   -8493.6972  0.5794
   00411    0.4004   -8503.4284  0.5831
   00412    0.4200   -8492.2193  0.5830
   00413    0.4276   -8467.5473  0.5815
   00414    0.3888   -8447.2991  0.5836
   00415    0.4200   -8371.7866  0.5851
   00416    0.4392   -8391.2924  0.5895
   00417    0.4008   -8424.2170  0.5995
   00418    0.4104   -8434.5695  0.6033
   00419    0.4296   -8474.5056  0.6027
   00420    0.4264   -8496.0877  0.6062
   00421    0.4176   -8502.2820  0.6086
   00422    0.4092   -8520.3124  0.6052
   00423    0.4072   -8506.8112  0.6058
   00424    0.4016   -8474.7571  0.6094
   00425    0.4128   -8483.9775  0.6083
   00426    0.4044   -8535.2611  0.6056
   00427    0.4180   -8526.8169  0.6107
   00428    0.4136   -8516.6457  0.6064
   00429    0.3968   -8521.3628  0.6113
   00430    0.4152   -8500.8735  0.6121
   00431    0.4376   -8489.5125  0.6096
   00432    0.4268   -8473.9861  0.6146
   00433    0.4140   -8474.1695  0.6157
   00434    0.4084   -8499.4135  0.6237
   00435    0.4092   -8459.4467  0.6231
   00436    0.4024   -8465.1744  0.6255
   00437    0.4040   -8451.0705  0.6257
   00438    0.4124   -8456.6819  0.6254
   00439    0.4100   -8467.5545  0.6228
   00440    0.4108   -8477.0498  0.6261
   00441    0.4044   -8493.8290  0.6256
   00442    0.3944   -8540.5069  0.6276
   00443    0.3972   -8488.5389  0.6335
   00444    0.4200   -8510.0608  0.6319
   00445    0.4336   -8486.6934  0.6361
   00446    0.4048   -8477.7731  0.6348
   00447    0.4240   -8489.5021  0.6389
   00448    0.4084   -8486.5195  0.6355
   00449    0.4032   -8517.7061  0.6335
   00450    0.4016   -8534.1728  0.6360
   00451    0.4176   -8526.3596  0.6344
   00452    0.4184   -8530.0416  0.6365
   00453    0.4024   -8544.7841  0.6387
   00454    0.4124   -8568.7781  0.6393
   00455    0.4004   -8533.9634  0.6400
   00456    0.4064   -8549.0959  0.6376
   00457    0.3896   -8507.7578  0.6395
   00458    0.4000   -8517.7445  0.6443
   00459    0.4296   -8518.1932  0.6457
   00460    0.4236   -8437.8533  0.6341
   00461    0.4416   -8438.0548  0.6291
   00462    0.4184   -8460.0852  0.6288
   00463    0.4188   -8424.9014  0.6236
   00464    0.4276   -8441.4791  0.6248
   00465    0.3996   -8478.6651  0.6330
   00466    0.3944   -8488.2045  0.6379
   00467    0.4160   -8553.4007  0.6432
   00468    0.4152   -8527.0194  0.6444
   00469    0.4200   -8510.3307  0.6439
   00470    0.3988   -8477.0461  0.6444
   00471    0.4120   -8495.3382  0.6451
   00472    0.4044   -8521.3112  0.6408
   00473    0.3924   -8517.4850  0.6415
   00474    0.4328   -8521.1334  0.6359
   00475    0.4040   -8514.6520  0.6373
   00476    0.4196   -8566.2791  0.6457
   00477    0.4136   -8564.9846  0.6470
   00478    0.4136   -8597.4587  0.6542
   00479    0.3992   -8580.7967  0.6535
   00480    0.4116   -8540.0551  0.6520
   00481    0.4024   -8507.2323  0.6525
   00482    0.4216   -8544.1827  0.6612
   00483    0.4152   -8536.5418  0.6633
   00484    0.4216   -8544.8555  0.6563
   00485    0.4132   -8555.5796  0.6596
   00486    0.4188   -8554.4352  0.6593
   00487    0.4076   -8504.7580  0.6593
   00488    0.4048   -8482.3538  0.6584
   00489    0.4168   -8482.5898  0.6581
   00490    0.3992   -8445.6684  0.6641
   00491    0.4068   -8471.7528  0.6682
   00492    0.4172   -8489.0122  0.6705
   00493    0.4120   -8498.7818  0.6711
   00494    0.4024   -8532.3028  0.6709
   00495    0.4076   -8495.8521  0.6715
   00496    0.3936   -8526.6630  0.6717
   00497    0.4156   -8532.0164  0.6701
   00498    0.4160   -8518.1159  0.6716
   00499    0.4104   -8527.6960  0.6660
   00500    0.4012   -8484.8261  0.6622
