#=====================================================
# File created:        Fri-21-Feb-2025-at-06-45-52PM
# Size of lattice:     50x50
# Number of MC steps:  500
# Reduced temperature: 0.500
# Run time (s):        5.283089
#=====================================================
# MC step:  Ratio:     Energy:   Order:
#=====================================================
   00000    0.5000   -2561.7334  0.2679
   00001    0.6872   -3782.7204  0.2746
   00002    0.6260   -4503.3091  0.2770
   00003    0.5916   -5024.9418  0.2796
   00004    0.5472   -5402.5186  0.2863
   00005    0.5352   -5757.9967  0.2886
   00006    0.5280   -6051.3649  0.2847
   00007    0.5364   -6236.2664  0.2868
   00008    0.4844   -6387.0897  0.2927
   00009    0.4856   -6542.4133  0.2924
   00010    0.4948   -6685.5510  0.2923
   00011    0.4832   -6822.4650  0.2926
   00012    0.4668   -6920.9175  0.2955
   00013    0.4800   -6987.9764  0.2907
   00014    0.4724   -7114.1414  0.2867
   00015    0.4664   -7202.2928  0.2914
   00016    0.4340   -7309.4235  0.2958
   00017    0.4680   -7351.0254  0.2983
   00018    0.4576   -7376.1952  0.2956
   00019    0.4584   -7470.6277  0.2935
   00020    0.4520   -7545.8251  0.2964
   00021    0.4480   -7577.2294  0.2973
   00022    0.4640   -7626.3168  0.2985
   00023    0.4376   -7628.0913  0.3026
   00024    0.4480   -7681.0759  0.3058
   00025    0.4416   -7705.1478  0.3053
   00026    0.4344   -7715.8281  0.3059
   00027    0.4500   -7759.2738  0.3031
   00028    0.4272   -7787.6163  0.3064
   00029    0.4212   -7796.4352  0.3000
   00030    0.4388   -7813.7004  0.3081
   00031    0.4184   -7904.6320  0.3126
   00032    0.4356   -7902.7401  0.3159
   00033    0.4212   -7888.8511  0.3119
   00034    0.4292   -7899.9976  0.3095
   00035    0.4384   -7917.8093  0.3041
   00036    0.4288   -7936.9921  0.3027
   00037    0.4264   -7980.0275  0.3084
   00038    0.4300   -8002.4453  0.3136
   00039    0.4260   -8009.5614  0.3132
   00040    0.4272   -7993.3382  0.3113
   00041    0.4396   -8065.0835  0.3184
   00042    0.4196   -8133.4617  0.3156
   00043    0.4184   -8146.9890  0.3174
   00044    0.4348   -8099.5818  0.3162
   00045    0.4476   -8113.3277  0.3140
   00046    0.4296   -8148.9950  0.3243
   00047    0.4264   -8177.4260  0.3250
   00048    0.4100   -8210.1838  0.3344
   00049    0.4280   -8169.5129  0.3298
   00050    0.4236   -8173.9905  0.3343
   00051    0.4264   -8129.3037  0.3312
   00052    0.4176   -8113.5397  0.3258
   00053    0.4252   -8183.2151  0.3303
   00054    0.4120   -8215.0756  0.3306
   00055    0.4320   -8204.9758  0.3296
   00056    0.4248   -8210.9509  0.3273
   00057    0.4384   -8154.3430  0.3257
   00058    0.4088   -8159.1816  0.3270
   00059    0.4428   -8180.3008  0.3341
   00060    0.4368   -8208.7064  0.3374
   00061    0.4264   -8174.2698  0.3308
   00062    0.4264   -8215.3188  0.3317
   00063    0.4204   -8248.1571  0.3404
   00064    0.4312   -8204.7338  0.3346
   00065    0.4156   -8209.4736  0.3302
   00066    0.4132   -8220.3513  0.3286
   00067    0.4252   -8207.9658  0.3274
   00068    0.4252   -8197.1039  0.3313
   00069    0.4212   -8198.1881  0.3301
   00070    0.4320   -8192.6289  0.3294
   00071    0.4224   -8198.0861  0.3323
   00072    0.4172   -8192.3135  0.3345
   00073    0.4140   -8217.1590  0.3340
   00074    0.4324   -8202.6289  0.3394
   00075    0.4356   -8218.3512  0.3352
   00076    0.4280   -8222.8281  0.3403
   00077    0.4324   -8156.9889  0.3445
   00078    0.4108   -8183.9966  0.3522
   00079    0.4356   -8192.5813  0.3503
   00080    0.4324   -8179.3091  0.3572
   00081    0.4260   -8160.1663  0.3572
   00082    0.4276   -8181.6390  0.3604
   00083    0.4280   -8187.7787  0.3587
   00084    0.4488   -8199.1421  0.3579
   00085    0.3968   -8209.4059  0.3549
   00086    0.4168   -8206.8704  0.3595
   00087    0.4088   -8189.4309  0.3563
   00088    0.4388   -8200.8792  0.3652
   00089    0.4264   -8196.2702  0.3615
   00090    0.4120   -8180.6366  0.3580
   00091    0.4232   -8250.0582  0.3641
   00092    0.4196   -8265.6036  0.3630
   00093    0.4308   -8247.0806  0.3681
   00094    0.4128   -8279.2172  0.3687
   00095    0.4200   -8337.1171  0.3704
   00096    0.4260   -8336.8472  0.3729
   00097    0.4240   -8308.0968  0.3792
   00098    0.4148   -8368.2381  0.3835
   00099    0.4196   -8368.8220  0.3827
   00100    0.4460   -8311.3794  0.3830
   00101    0.3992   -8323.3920  0.3859
   00102    0.4128   -8313.1976  0.3837
   00103    0.4264   -8308.0897  0.3869
   00104    0.4080   -8266.9335  0.3829
   00105    0.4056   -8279.9272  0.3903
   00106    0.4228   -8264.9859  0.3968
   00107    0.4144   -8220.6763  0.3929
   00108    0.4248   -8268.1742  0.3947
   00109    0.4140   -8313.7213  0.3942
   00110    0.4084   -8335.1215  0.4020
   00111    0.4072   -8223.6576  0.4015
   00112    0.4112   -8249.6837  0.4033
   00113    0.4184   -8271.7502  0.4005
   00114    0.4260   -8296.2998  0.3944
   00115    0.4060   -8305.5185  0.3982
   00116    0.4332   -8321.3803  0.3967
   00117    0.4200   -8315.0530  0.3922
   00118    0.4276   -8335.9957  0.3884
   00119    0.4072   -8323.5520  0.3909
   00120    0.4044   -8316.6849  0.3885
   00121    0.4088   -8349.5455  0.3851
   00122    0.4128   -8370.0483  0.3800
   00123    0.4180   -8336.1226  0.3829
   00124    0.4116   -8330.2119  0.3823
   00125    0.4236   -8327.8386  0.3793
   00126    0.4208   -8320.6994  0.3852
   00127    0.4148   -8269.0428  0.3875
   00128    0.4040   -8266.1530  0.3927
   00129    0.4008   -8285.9024  0.3928
   00130    0.4056   -8339.4473  0.3939
   00131    0.4204   -8259.4236  0.3964
   00132    0.4188   -8262.6873  0.3990
   00133    0.4128   -8268.2251  0.4046
   00134    0.4168   -8252.5087  0.4015
   00135    0.4276   -8300.8934  0.3969
   00136    0.4056   -8295.4855  0.3948
   00137    0.4252   -8334.1837  0.3935
   00138    0.4124   -8329.1917  0.3933
   00139    0.4200   -8307.2503  0.3855
   00140    0.4132   -8353.4662  0.3846
   00141    0.4204   -8310.9401  0.3929
   00142    0.4112   -8375.2208  0.3950
   00143    0.4252   -8365.1166  0.4043
   00144    0.4164   -8334.4133  0.4054
   00145    0.4312   -8321.8701  0.4026
   00146    0.4032   -8315.3464  0.4033
   00147    0.4272   -8340.7024  0.3996
   00148    0.4172   -8335.6593  0.4038
   00149    0.4348   -8305.1597  0.3963
   00150    0.4056   -8345.7545  0.3986
   00151    0.4200   -8359.5642  0.3961
   00152    0.4308   -8324.8768  0.3928
   00153    0.4196   -8276.8590  0.3936
   00154    0.4296   -8303.5971  0.3927
   00155    0.4124   -8292.4507  0.3899
   00156    0.4136   -8303.6533  0.3839
   00157    0.4148   -8245.9887  0.3812
   00158    0.4324   -8250.5970  0.3755
   00159    0.4360   -8232.7593  0.3807
   00160    0.4168   -8235.2674  0.3860
   00161    0.4284   -8188.0327  0.3835
   00162    0.4324   -8222.7667  0.3777
   00163    0.4236   -8209.0619  0.3780
   00164    0.4168   -8257.4562  0.3799
   00165    0.4156   -8268.4957  0.3816
   00166    0.4196   -8318.1163  0.3803
   00167    0.4052   -8329.3353  0.3813
   00168    0.4128   -8320.1893  0.3838
   00169    0.4164   -8287.9331  0.3791
   00170    0.4028   -8314.7948  0.3770
   00171    0.4156   -8331.5065  0.3772
   00172    0.4328   -8310.6464  0.3844
   00173    0.4368   -8361.8930  0.3887
   00174    0.4268   -8372.3685  0.3938
   00175    0.4152   -8376.5213  0.3939
   00176    0.4112   -8335.0306  0.3925
   00177    0.4172   -8300.4789  0.3860
   00178    0.4104   -8338.3801  0.3877
   00179    0.4200   -8345.5530  0.3880
   00180    0.4104   -8371.6687  0.3881
   00181    0.4164   -8320.3796  0.3816
   00182    0.4116   -8322.6802  0.3844
   00183    0.4072   -8355.5241  0.3809
   00184    0.4220   -8390.1192  0.3871
   00185    0.4204   -8393.9049  0.3885
   00186    0.4036   -8396.2767  0.3864
   00187    0.4140   -8378.5781  0.3872
   00188    0.4116   -8427.1938  0.3910
   00189    0.4016   -8443.2405  0.3927
   00190    0.4132   -8420.7210  0.3892
   00191    0.4048   -8385.6993  0.3814
   00192    0.4068   -8413.8204  0.3884
   00193    0.4136   -8412.8248  0.3812
   00194    0.4252   -8441.6635  0.3814
   00195    0.4280   -8455.6382  0.3821
   00196    0.4104   -8477.6030  0.3823
   00197    0.4100   -8463.5547  0.3831
   00198    0.4036   -8478.8814  0.3846
   00199    0.4024   -8462.0450  0.3861
   00200    0.3884   -8462.1644  0.3872
   00201    0.4248   -8409.7051  0.3909
   00202    0.4236   -8424.0642  0.3934
   00203    0.4104   -8400.8862  0.3929
   00204    0.3924   -8386.0649  0.3860
   00205    0.4060   -8352.5524  0.3834
   00206    0.4180   -8348.0308  0.3838
   00207    0.4232   -8405.0375  0.3823
   00208    0.4096   -8381.1031  0.3814
   00209    0.4264   -8366.8659  0.3790
   00210    0.4036   -8393.6949  0.3837
   00211    0.4308   -8459.2126  0.3892
   00212    0.4300   -8457.5290  0.3834
   00213    0.4056   -8489.0613  0.3894
   00214    0.4216   -8432.1042  0.3923
   00215    0.3940   -8399.3726  0.3926
   00216    0.4256   -8420.4887  0.3876
   00217    0.4232   -8434.5164  0.3910
   00218    0.3956   -8447.3183  0.3915
   00219    0.4300   -8434.9948  0.3825
   00220    0.3988   -8455.4227  0.3894
   00221    0.4080   -8447.1040  0.3924
   00222    0.4152   -8418.3833  0.3903
   00223    0.4244   -8436.9561  0.3946
   00224    0.4172   -8447.0573  0.3964
   00225    0.4196   -8438.7575  0.4012
   00226    0.4252   -8446.2208  0.3950
   00227    0.4124   -8438.6126  0.3965
   00228    0.4192   -8440.5014  0.3989
   00229    0.3952   -8449.3180  0.3942
   00230    0.3980   -8457.3539  0.3995
   00231    0.4212   -8486.0707  0.4017
   00232    0.4016   -8455.8950  0.4021
   00233    0.4252   -8445.2150  0.3959
   00234    0.3912   -8423.0100  0.3956
   00235    0.3980   -8471.1140  0.3960
   00236    0.4200   -8422.3700  0.3943
   00237    0.4180   -8385.5544  0.3873
   00238    0.4188   -8439.1564  0.3853
   00239    0.3948   -8447.9036  0.3829
   00240    0.4112   -8455.8678  0.3766
   00241    0.4180   -8471.8604  0.3761
   00242    0.4136   -8477.7077  0.3788
   00243    0.4024   -8418.9048  0.3782
   00244    0.4144   -8415.7431  0.3755
   00245    0.3968   -8367.7428  0.3747
   00246    0.4112   -8364.2504  0.3751
   00247    0.4256   -8394.4720  0.3719
   00248    0.4008   -8375.6297  0.3706
   00249    0.4148   -8378.5554  0.3748
   00250    0.4324   -8418.2701  0.3803
   00251    0.4216   -8398.0507  0.3785
   00252    0.4164   -8402.3725  0.3779
   00253    0.4064   -8419.6243  0.3789
   00254    0.4180   -8422.0037  0.3829
   00255    0.4092   -8417.1269  0.3813
   00256    0.4076   -8451.6064  0.3814
   00257    0.4264   -8437.0174  0.3803
   00258    0.4212   -8469.0767  0.3829
   00259    0.3972   -8471.3961  0.3821
   00260    0.4204   -8449.7095  0.3836
   00261    0.4124   -8477.1337  0.3818
   00262    0.4220   -8488.7967  0.3818
   00263    0.4156   -8515.4407  0.3811
   00264    0.3920   -8499.3565  0.3802
   00265    0.4080   -8490.1054  0.3793
   00266    0.4172   -8410.2557  0.3725
   00267    0.4284   -8428.1836  0.3751
   00268    0.4132   -8405.9363  0.3756
   00269    0.4136   -8392.8722  0.3760
   00270    0.4028   -8389.1618  0.3738
   00271    0.4108   -8400.2283  0.3783
   00272    0.4372   -8360.0915  0.3783
   00273    0.4160   -8388.8525  0.3840
   00274    0.4112   -8361.9452  0.3848
   00275    0.4276   -8379.7421  0.3859
   00276    0.4076   -8428.7857  0.3802
   00277    0.4180   -8445.3703  0.3814
   00278    0.4140   -8424.9155  0.3734
   00279    0.4116   -8458.2928  0.3638
   00280    0.4108   -8450.2866  0.3591
   00281    0.4164   -8452.3003  0.3635
   00282    0.4268   -8506.9322  0.3571
   00283    0.4024   -8478.1346  0.3560
   00284    0.4136   -8456.6576  0.3521
   00285    0.4204   -8443.5487  0.3431
   00286    0.4160   -8436.4572  0.3355
   00287    0.4224   -8378.3186  0.3380
   00288    0.4204   -8409.6815  0.3383
   00289    0.4264   -8425.9161  0.3350
   00290    0.4012   -8436.6097  0.3383
   00291    0.4248   -8469.2755  0.3453
   00292    0.4048   -8478.4932  0.3385
   00293    0.4008   -8482.9068  0.3412
   00294    0.4008   -8518.8294  0.3364
   00295    0.4124   -8464.4303  0.3383
   00296    0.4224   -8458.8570  0.3448
   00297    0.4160   -8390.0403  0.3397
   00298    0.3996   -8370.6532  0.3377
   00299    0.4132   -8401.5695  0.3303
   00300    0.4244   -8440.5027  0.3322
   00301    0.4076   -8430.9574  0.3385
   00302    0.4116   -8484.4723  0.3494
   00303    0.4168   -8520.4422  0.3515
   00304    0.4032   -8523.6974  0.3548
   00305    0.4312   -8488.7006  0.3611
   00306    0.4036   -8481.5000  0.3517
   00307    0.4196   -8477.7142  0.3551
   00308    0.4088   -8467.3417  0.3483
   00309    0.4164   -8490.4818  0.3460
   00310    0.4092   -8504.2717  0.3517
   00311    0.4264   -8479.3037  0.3541
   00312    0.4056   -8427.9504  0.3545
   00313    0.4004   -8441.6209  0.3584
   00314    0.4044   -8423.4754  0.3535
   00315    0.4060   -8432.8186  0.3554
   00316    0.4112   -8464.0397  0.3517
   00317    0.3936   -8445.4110  0.3568
   00318    0.4184   -8428.1013  0.3538
   00319    0.4232   -8438.1662  0.3545
   00320    0.4048   -8467.7676  0.3569
   00321    0.4204   -8491.4890  0.3560
   00322    0.4084   -8451.9649  0.3575
   00323    0.4092   -8433.4421  0.3603
   00324    0.4064   -8465.4275  0.3631
   00325    0.4096   -8454.7694  0.3647
   00326    0.4196   -8452.9275  0.3697
   00327    0.4276   -8461.0101  0.3692
   00328    0.4288   -8465.3956  0.3638
   00329    0.4132   -8460.1314  0.3578
   00330    0.4156   -8465.3266  0.3625
   00331    0.4072   -8431.0131  0.3565
   00332    0.3948   -8407.5510  0.3529
   00333    0.4076   -8434.7613  0.3530
   00334    0.4176   -8470.2410  0.3531
   00335    0.4284   -8493.9976  0.3508
   00336    0.4136   -8491.2129  0.3459
   00337    0.3896   -8509.7652  0.3404
   00338    0.4088   -8516.8166  0.3347
   00339    0.3912   -8477.4293  0.3313
   00340    0.4236   -8498.6683  0.3268
   00341    0.4020   -8506.4558  0.3238
   00342    0.3956   -8459.8472  0.3301
   00343    0.4172   -8452.1702  0.3262
   00344    0.4144   -8453.5785  0.3286
   00345    0.4200   -8452.3866  0.3298
   00346    0.4216   -8465.2231  0.3245
   00347    0.4100   -8455.9845  0.3302
   00348    0.4288   -8422.2410  0.3271
   00349    0.4184   -8403.4836  0.3268
   00350    0.4164   -8420.4445  0.3264
   00351    0.3876   -8455.0492  0.3346
   00352    0.4140   -8446.3145  0.3352
   00353    0.4304   -8467.2367  0.3356
   00354    0.4108   -8450.5396  0.3379
   00355    0.4000   -8449.1545  0.3439
   00356    0.4148   -8473.6589  0.3412
   00357    0.4196   -8471.7287  0.3406
   00358    0.4216   -8465.8504  0.3445
   00359    0.4180   -8463.1490  0.3533
   00360    0.4032   -8506.6398  0.3621
   00361    0.4056   -8480.5381  0.3641
   00362    0.4172   -8495.8891  0.3689
   00363    0.4040   -8509.4371  0.3680
   00364    0.4204   -8452.7864  0.3694
   00365    0.4056   -8448.2129  0.3683
   00366    0.4072   -8445.7699  0.3685
   00367    0.4172   -8417.2540  0.3699
   00368    0.4192   -8442.8608  0.3736
   00369    0.4180   -8427.0891  0.3699
   00370    0.4068   -8424.9849  0.3762
   00371    0.4004   -8459.7449  0.3765
   00372    0.4276   -8457.6464  0.3799
   00373    0.4068   -8484.3214  0.3835
   00374    0.4148   -8477.4968  0.3858
   00375    0.4288   -8474.1885  0.3854
   00376    0.4120   -8453.5769  0.3843
   00377    0.4004   -8490.4785  0.3928
   00378    0.3992   -8440.9072  0.3878
   00379    0.4164   -8405.9605  0.3853
   00380    0.4316   -8416.7719  0.3867
   00381    0.4348   -8430.8233  0.3929
   00382    0.4328   -8359.6764  0.3902
   00383    0.4248   -8395.5101  0.3929
   00384    0.4368   -8418.3569  0.3960
   00385    0.4196   -8420.5216  0.3950
   00386    0.4280   -8437.3055  0.3890
   00387    0.4064   -8424.2331  0.3914
   00388    0.4036   -8464.1067  0.3851
   00389    0.4144   -8447.1025  0.3865
   00390    0.4244   -8442.9302  0.3867
   00391    0.4068   -8430.9122  0.3861
   00392    0.4204   -8463.2203  0.3884
   00393    0.4340   -8460.3209  0.3832
   00394    0.4020   -8500.8498  0.3935
   00395    0.4272   -8509.3763  0.3924
   00396    0.4088   -8507.0621  0.3904
   00397    0.4088   -8494.7181  0.3931
   00398    0.4028   -8501.9305  0.3961
   00399    0.4128   -8515.1358  0.3996
   00400    0.4076   -8510.4145  0.3934
   00401    0.4228   -8503.4678  0.3939
   00402    0.4256   -8506.5897  0.3992
   00403    0.4104   -8515.9025  0.4058
   00404    0.4008   -8496.9947  0.3998
   00405    0.4184   -8496.8683  0.4003
   00406    0.4204   -8494.4818  0.4022
   00407    0.4272   -8480.9136  0.4010
   00408    0.4000   -8517.0355  0.4044
   00409    0.4172   -8515.6480  0.4050
   00410    0.4256   -8528.6835  0.4026
   00411    0.4240   -8512.6803  0.4037
   00412    0.4028   -8519.6309  0.3991
   00413    0.3984   -8525.1526  0.3917
   00414    0.4012   -8470.7769  0.3921
   00415    0.4028   -8485.4249  0.3908
   00416    0.4144   -8486.2159  0.3884
   00417    0.4116   -8456.1363  0.3901
   00418    0.4144   -8507.0395  0.3867
   00419    0.4004   -8536.5531  0.3882
   00420    0.4112   -8506.3242  0.3933
   00421    0.4184   -8500.4727  0.3925
   00422    0.4072   -8483.8859  0.3966
   00423    0.3956   -8481.2358  0.3949
   00424    0.4000   -8482.1181  0.3957
   00425    0.4136   -8493.6827  0.3954
   00426    0.4180   -8486.2365  0.3959
   00427    0.4136   -8524.1738  0.3964
   00428    0.4064   -8501.1043  0.3997
   00429    0.3988   -8534.3848  0.3994
   00430    0.4260   -8532.3431  0.4047
   00431    0.4100   -8508.1245  0.4021
   00432    0.4076   -8573.6984  0.4087
   00433    0.4108   -8551.9916  0.4113
   00434    0.3940   -8516.7738  0.4093
   00435    0.4024   -8499.6780  0.4085
   00436    0.4132   -8513.2732  0.4124
   00437    0.4008   -8481.7494  0.4128
   00438    0.4088   -8484.3541  0.4151
   00439    0.3956   -8464.0489  0.4176
   00440    0.4144   -8487.5051  0.4139
   00441    0.4292   -8456.0820  0.4143
   00442    0.4112   -8472.6041  0.4128
   00443    0.4116   -8394.7782  0.4151
   00444    0.4272   -8410.0492  0.4106
   00445    0.4108   -8422.3156  0.4120
   00446    0.4216   -8422.0436  0.4168
   00447    0.4260   -8415.9158  0.4158
   00448    0.4224   -8432.0108  0.4198
   00449    0.4268   -8467.4633  0.4209
   00450    0.4024   -8493.4496  0.4183
   00451    0.4124   -8437.5362  0.4095
   00452    0.4084   -8472.2252  0.4096
   00453    0.4144   -8479.9245  0.4068
   00454    0.4084   -8445.0181  0.4074
   00455    0.4148   -8476.1489  0.4034
   00456    0.4220   -8450.6723  0.4010
   00457    0.3980   -8444.4079  0.3957
   00458    0.4228   -8493.1081  0.3962
   00459    0.4148   -8506.2432  0.4025
   00460    0.4256   -8480.2766  0.4065
   00461    0.4172   -8479.7857  0.4063
   00462    0.4032   -8498.4945  0.4128
   00463    0.4244   -8476.1146  0.4091
   00464    0.3952   -8434.4580  0.4122
   00465    0.4004   -8458.0415  0.4147
   00466    0.4016   -8483.0076  0.4143
   00467    0.4140   -8468.2328  0.4083
   00468    0.4008   -8443.7595  0.4060
   00469    0.4156   -8418.1388  0.4036
   00470    0.4184   -8424.4671  0.3993
   00471    0.4292   -8469.6214  0.4040
   00472    0.4268   -8491.5301  0.4048
   00473    0.4208   -8488.6682  0.4022
   00474    0.3968   -8503.5686  0.4061
   00475    0.4040   -8463.8646  0.4053
   00476    0.4232   -8480.9014  0.4032
   00477    0.4048   -8423.2415  0.3962
   00478    0.4000   -8460.1102  0.3977
   00479    0.4028   -8458.1077  0.3950
   00480    0.4196   -8482.9257  0.3937
   00481    0.3988   -8482.8208  0.3920
   00482    0.3936   -8473.9901  0.3971
   00483    0.4176   -8483.0279  0.3966
   00484    0.4016   -8456.1101  0.4028
   00485    0.4264   -8494.7997  0.4030
   00486    0.4168   -8468.0840  0.3958
   00487    0.4092   -8488.0609  0.3997
   00488    0.4132   -8494.4239  0.4045
   00489    0.4092   -8497.5582  0.4029
   00490    0.4160   -8480.3801  0.3941
   00491    0.4176   -8451.6970  0.3929
   00492    0.4152   -8413.7405  0.3981
   00493    0.4108   -8434.4163  0.4010
   00494    0.4188   -8389.6041  0.4078
   00495    0.4108   -8433.6427  0.4141
   00496    0.4272   -8416.0698  0.4186
   00497    0.4196   -8391.3597  0.4251
   00498    0.4220   -8429.5911  0.4236
   00499    0.4292   -8423.9878  0.4224
   00500    0.4228   -8401.4302  0.4226
