#=====================================================
# File created:        Fri-21-Feb-2025-at-11-13-47AM
# Size of lattice:     50x50
# Number of MC steps:  500
# Reduced temperature: 0.500
# Run time (s):        32.605918
#=====================================================
# MC step:  Ratio:     Energy:   Order:
#=====================================================
   00000    0.5000   -2467.6958  0.2610
   00001    0.6832   -3677.5793  0.2562
   00002    0.6192   -4412.9092  0.2588
   00003    0.6056   -4953.6901  0.2583
   00004    0.5664   -5407.1420  0.2553
   00005    0.5332   -5813.0675  0.2665
   00006    0.5220   -6161.0673  0.2707
   00007    0.5036   -6289.8537  0.2666
   00008    0.5064   -6546.8686  0.2643
   00009    0.4924   -6690.3521  0.2544
   00010    0.4948   -6874.7168  0.2569
   00011    0.4644   -6944.7115  0.2527
   00012    0.4612   -7067.1728  0.2529
   00013    0.4788   -7153.9693  0.2611
   00014    0.4504   -7273.7620  0.2615
   00015    0.4380   -7335.5349  0.2598
   00016    0.4428   -7408.2573  0.2640
   00017    0.4520   -7477.5705  0.2552
   00018    0.4520   -7542.1095  0.2568
   00019    0.4368   -7588.8050  0.2596
   00020    0.4792   -7630.9555  0.2624
   00021    0.4500   -7677.0967  0.2608
   00022    0.4420   -7673.2469  0.2693
   00023    0.4484   -7692.3177  0.2691
   00024    0.4580   -7733.2298  0.2672
   00025    0.4296   -7755.7838  0.2679
   00026    0.4396   -7750.9788  0.2683
   00027    0.4440   -7713.2958  0.2684
   00028    0.4596   -7727.0289  0.2690
   00029    0.4536   -7740.8497  0.2736
   00030    0.4396   -7809.3306  0.2786
   00031    0.4340   -7824.6323  0.2784
   00032    0.4328   -7773.1215  0.2757
   00033    0.4228   -7811.1761  0.2721
   00034    0.4544   -7795.7047  0.2782
   00035    0.4224   -7827.8657  0.2823
   00036    0.4300   -7794.1985  0.2859
   00037    0.4332   -7857.3007  0.2866
   00038    0.4264   -7918.7198  0.2875
   00039    0.4288   -7914.5751  0.2840
   00040    0.4208   -7907.7195  0.2839
   00041    0.4328   -7879.1447  0.2829
   00042    0.4364   -7876.5416  0.2857
   00043    0.4356   -7895.2969  0.2908
   00044    0.4292   -7872.0275  0.2988
   00045    0.4380   -7874.7887  0.2976
   00046    0.4340   -7858.3434  0.3019
   00047    0.4232   -7848.0805  0.3066
   00048    0.4416   -7896.1121  0.3056
   00049    0.4296   -7931.1612  0.3051
   00050    0.4308   -7916.9665  0.3008
   00051    0.4328   -7942.1082  0.3048
   00052    0.4388   -7973.0767  0.3107
   00053    0.4244   -7969.0152  0.3018
   00054    0.4508   -7943.3081  0.3072
   00055    0.4224   -7990.4995  0.3112
   00056    0.4368   -8032.5501  0.3069
   00057    0.4324   -8043.0365  0.3021
   00058    0.4328   -8031.2186  0.3040
   00059    0.4184   -8061.0360  0.3062
   00060    0.4324   -8051.0366  0.3032
   00061    0.4288   -8012.5438  0.3052
   00062    0.4280   -8072.5030  0.3015
   00063    0.4392   -8058.9394  0.3010
   00064    0.4424   -8060.7288  0.3011
   00065    0.4108   -8048.2144  0.3019
   00066    0.4256   -8094.5236  0.3029
   00067    0.4348   -8080.1568  0.3008
   00068    0.4416   -8088.8408  0.3023
   00069    0.4144   -8106.9360  0.3006
   00070    0.4180   -8084.5391  0.3016
   00071    0.4204   -8112.8123  0.3065
   00072    0.4248   -8095.5175  0.3076
   00073    0.4360   -8082.0116  0.3039
   00074    0.4204   -8086.5383  0.3030
   00075    0.4228   -8082.8460  0.3012
   00076    0.4240   -8086.9645  0.2969
   00077    0.4220   -8129.8418  0.3008
   00078    0.4376   -8119.7376  0.2985
   00079    0.4308   -8108.3717  0.3043
   00080    0.4200   -8147.0654  0.3140
   00081    0.4232   -8083.7778  0.3133
   00082    0.4140   -8100.6294  0.3076
   00083    0.4092   -8129.4793  0.3006
   00084    0.4332   -8151.6041  0.3033
   00085    0.4260   -8191.9299  0.3015
   00086    0.4076   -8205.9501  0.2970
   00087    0.4156   -8205.6867  0.3021
   00088    0.4136   -8228.6938  0.2972
   00089    0.4160   -8196.9153  0.3009
   00090    0.4116   -8160.5703  0.3003
   00091    0.4292   -8147.8887  0.3035
   00092    0.4108   -8134.7911  0.3048
   00093    0.4292   -8139.1930  0.3092
   00094    0.4276   -8163.9996  0.3116
   00095    0.4444   -8168.6288  0.3175
   00096    0.4348   -8155.8002  0.3165
   00097    0.4316   -8190.8583  0.3052
   00098    0.4268   -8151.4219  0.2976
   00099    0.4200   -8185.3979  0.2845
   00100    0.4168   -8245.0597  0.2914
   00101    0.4240   -8231.0336  0.2914
   00102    0.4092   -8227.2417  0.2938
   00103    0.4232   -8248.8117  0.2970
   00104    0.4256   -8246.3870  0.2973
   00105    0.4264   -8242.5109  0.2961
   00106    0.4328   -8249.5112  0.2961
   00107    0.4164   -8276.8598  0.2989
   00108    0.4384   -8273.8531  0.2979
   00109    0.4328   -8280.6049  0.3007
   00110    0.4144   -8269.1613  0.2966
   00111    0.4324   -8321.6820  0.2902
   00112    0.4200   -8285.2638  0.2890
   00113    0.4220   -8245.0480  0.2962
   00114    0.4336   -8258.6110  0.2994
   00115    0.4320   -8286.5833  0.2981
   00116    0.4212   -8307.1450  0.2973
   00117    0.4068   -8296.0516  0.3044
   00118    0.4404   -8311.5156  0.3047
   00119    0.4148   -8288.6852  0.3045
   00120    0.4156   -8311.0310  0.3051
   00121    0.4092   -8347.4979  0.3054
   00122    0.4208   -8294.1520  0.3112
   00123    0.4080   -8330.7737  0.3136
   00124    0.4044   -8367.5262  0.3166
   00125    0.4268   -8331.9864  0.3196
   00126    0.4236   -8330.3398  0.3139
   00127    0.4156   -8327.3174  0.3091
   00128    0.4264   -8325.1111  0.3106
   00129    0.4180   -8300.0505  0.3098
   00130    0.4300   -8320.8105  0.3039
   00131    0.4168   -8336.7955  0.3083
   00132    0.4212   -8337.3403  0.3130
   00133    0.4132   -8366.9940  0.3061
   00134    0.4256   -8344.5778  0.3028
   00135    0.4296   -8304.8242  0.2986
   00136    0.4084   -8302.0184  0.3030
   00137    0.4232   -8300.6256  0.3090
   00138    0.4288   -8338.9751  0.3115
   00139    0.4044   -8350.8331  0.3154
   00140    0.4412   -8296.7480  0.3195
   00141    0.4244   -8357.5549  0.3209
   00142    0.4176   -8355.2366  0.3275
   00143    0.4424   -8356.7851  0.3340
   00144    0.3900   -8344.9916  0.3387
   00145    0.4220   -8402.1088  0.3465
   00146    0.4196   -8354.3495  0.3495
   00147    0.4052   -8289.6541  0.3519
   00148    0.4120   -8296.1298  0.3542
   00149    0.4080   -8306.9042  0.3596
   00150    0.4108   -8284.0029  0.3633
   00151    0.4244   -8305.1743  0.3705
   00152    0.4248   -8360.3469  0.3734
   00153    0.4204   -8330.8376  0.3754
   00154    0.4260   -8307.1193  0.3784
   00155    0.4036   -8350.5770  0.3844
   00156    0.4184   -8401.0673  0.3863
   00157    0.4164   -8428.0599  0.3851
   00158    0.4104   -8414.9020  0.3942
   00159    0.4088   -8392.3019  0.3983
   00160    0.4148   -8417.1467  0.3987
   00161    0.4096   -8384.3207  0.4044
   00162    0.4104   -8361.2048  0.4102
   00163    0.4148   -8327.7417  0.4095
   00164    0.4156   -8339.6044  0.4105
   00165    0.4176   -8310.9859  0.4106
   00166    0.4440   -8311.4536  0.4051
   00167    0.4096   -8319.4260  0.4061
   00168    0.4252   -8335.8711  0.4079
   00169    0.3940   -8360.7149  0.4059
   00170    0.4088   -8374.1427  0.4034
   00171    0.4096   -8400.7994  0.4048
   00172    0.4064   -8393.9188  0.4078
   00173    0.4200   -8353.0064  0.4056
   00174    0.4176   -8391.5892  0.4051
   00175    0.4068   -8369.1089  0.4101
   00176    0.4324   -8397.5650  0.4138
   00177    0.4060   -8410.5655  0.4154
   00178    0.4200   -8403.8420  0.4232
   00179    0.4136   -8419.4738  0.4218
   00180    0.4012   -8420.5992  0.4278
   00181    0.4204   -8418.2677  0.4270
   00182    0.4068   -8455.1265  0.4340
   00183    0.4148   -8440.7204  0.4336
   00184    0.4240   -8427.2339  0.4359
   00185    0.4060   -8425.6438  0.4412
   00186    0.4208   -8404.8835  0.4457
   00187    0.4336   -8408.7020  0.4452
   00188    0.4304   -8416.2267  0.4415
   00189    0.4060   -8395.1827  0.4432
   00190    0.4172   -8430.6047  0.4448
   00191    0.4228   -8438.9758  0.4404
   00192    0.4236   -8418.5613  0.4349
   00193    0.4120   -8406.7224  0.4404
   00194    0.4132   -8401.1527  0.4407
   00195    0.4116   -8424.2328  0.4421
   00196    0.4016   -8408.7999  0.4403
   00197    0.4192   -8388.8768  0.4433
   00198    0.4260   -8440.6713  0.4432
   00199    0.4056   -8472.8261  0.4400
   00200    0.4108   -8509.4223  0.4421
   00201    0.3992   -8442.9926  0.4462
   00202    0.4120   -8468.9864  0.4471
   00203    0.4040   -8423.3076  0.4458
   00204    0.4136   -8424.5708  0.4464
   00205    0.4064   -8431.0701  0.4500
   00206    0.4052   -8442.2858  0.4478
   00207    0.4160   -8443.1904  0.4549
   00208    0.4220   -8478.7760  0.4523
   00209    0.4256   -8524.9062  0.4512
   00210    0.4056   -8481.6681  0.4568
   00211    0.4180   -8457.2062  0.4563
   00212    0.4164   -8472.5654  0.4530
   00213    0.4208   -8468.4693  0.4538
   00214    0.4108   -8449.4951  0.4541
   00215    0.3996   -8472.6525  0.4529
   00216    0.4056   -8508.3318  0.4499
   00217    0.4124   -8479.4651  0.4561
   00218    0.4160   -8496.7119  0.4583
   00219    0.4124   -8507.4023  0.4574
   00220    0.4108   -8509.5507  0.4574
   00221    0.4168   -8530.3121  0.4632
   00222    0.4104   -8524.9477  0.4665
   00223    0.3944   -8530.5372  0.4714
   00224    0.4052   -8616.7534  0.4730
   00225    0.4012   -8591.8281  0.4732
   00226    0.4224   -8556.1740  0.4715
   00227    0.3968   -8513.7791  0.4704
   00228    0.4020   -8505.9140  0.4684
   00229    0.4108   -8418.3973  0.4684
   00230    0.4284   -8413.0698  0.4725
   00231    0.4160   -8441.9527  0.4694
   00232    0.4072   -8496.0263  0.4748
   00233    0.4072   -8480.5449  0.4782
   00234    0.4024   -8506.9278  0.4747
   00235    0.4100   -8505.9080  0.4796
   00236    0.4024   -8541.7356  0.4905
   00237    0.4268   -8553.9892  0.4969
   00238    0.4044   -8566.2039  0.5016
   00239    0.4176   -8554.3951  0.4990
   00240    0.4120   -8535.7747  0.4995
   00241    0.4132   -8511.8628  0.5020
   00242    0.4040   -8539.0026  0.5027
   00243    0.4212   -8479.8667  0.5032
   00244    0.4176   -8477.8633  0.5003
   00245    0.4060   -8539.6584  0.5043
   00246    0.4104   -8524.9947  0.5094
   00247    0.4192   -8548.9686  0.5086
   00248    0.4136   -8562.5851  0.5124
   00249    0.4016   -8538.5727  0.5121
   00250    0.3864   -8546.4835  0.5149
   00251    0.4008   -8540.9740  0.5117
   00252    0.4032   -8518.7064  0.5124
   00253    0.4012   -8458.8588  0.5060
   00254    0.4200   -8485.7219  0.5023
   00255    0.4148   -8495.3652  0.5024
   00256    0.4248   -8517.1432  0.5041
   00257    0.4288   -8501.7600  0.5042
   00258    0.3988   -8531.0864  0.5069
   00259    0.4076   -8505.2381  0.5040
   00260    0.4188   -8481.7697  0.5012
   00261    0.4300   -8505.8433  0.5027
   00262    0.4052   -8480.8956  0.5047
   00263    0.4112   -8473.7743  0.5093
   00264    0.4188   -8463.1191  0.5101
   00265    0.4176   -8463.3923  0.5098
   00266    0.4424   -8469.6150  0.5201
   00267    0.4140   -8463.0185  0.5192
   00268    0.4044   -8451.6278  0.5172
   00269    0.4100   -8420.3222  0.5156
   00270    0.4012   -8398.3513  0.5094
   00271    0.4260   -8435.9452  0.5191
   00272    0.4060   -8447.9070  0.5251
   00273    0.4196   -8440.4786  0.5280
   00274    0.4044   -8464.4093  0.5334
   00275    0.4140   -8475.9016  0.5308
   00276    0.4188   -8452.7291  0.5337
   00277    0.4160   -8438.4134  0.5280
   00278    0.4092   -8453.0561  0.5332
   00279    0.4052   -8424.0940  0.5286
   00280    0.4096   -8425.0108  0.5311
   00281    0.4004   -8443.7064  0.5338
   00282    0.4168   -8452.4861  0.5319
   00283    0.4224   -8448.0435  0.5273
   00284    0.4248   -8455.0206  0.5168
   00285    0.4088   -8461.3893  0.5173
   00286    0.4084   -8451.3684  0.5125
   00287    0.4072   -8456.8981  0.5131
   00288    0.4088   -8434.5422  0.5066
   00289    0.4096   -8383.9393  0.5063
   00290    0.4132   -8380.2213  0.5047
   00291    0.3956   -8354.6874  0.5065
   00292    0.4256   -8394.0981  0.5041
   00293    0.4012   -8400.0713  0.5163
   00294    0.3968   -8385.8455  0.5249
   00295    0.3980   -8380.6330  0.5273
   00296    0.4200   -8416.4260  0.5255
   00297    0.4100   -8402.8322  0.5248
   00298    0.4032   -8407.2336  0.5263
   00299    0.4044   -8424.0499  0.5254
   00300    0.3972   -8442.3236  0.5257
   00301    0.4164   -8433.1521  0.5228
   00302    0.4008   -8428.7441  0.5162
   00303    0.3960   -8452.3959  0.5157
   00304    0.4144   -8469.4161  0.5174
   00305    0.4108   -8465.5843  0.5221
   00306    0.3964   -8466.0234  0.5284
   00307    0.4100   -8428.9050  0.5320
   00308    0.4328   -8422.0269  0.5284
   00309    0.4104   -8421.8418  0.5201
   00310    0.4300   -8441.9107  0.5245
   00311    0.4100   -8484.1786  0.5277
   00312    0.4076   -8511.0194  0.5332
   00313    0.4032   -8442.4099  0.5300
   00314    0.3980   -8465.5323  0.5299
   00315    0.4140   -8494.5600  0.5300
   00316    0.4208   -8500.1565  0.5273
   00317    0.4212   -8480.4559  0.5234
   00318    0.4208   -8463.9801  0.5321
   00319    0.4152   -8490.3564  0.5297
   00320    0.4160   -8479.1709  0.5324
   00321    0.4264   -8480.9113  0.5312
   00322    0.4060   -8500.5021  0.5305
   00323    0.4144   -8484.0191  0.5319
   00324    0.4132   -8508.8016  0.5328
   00325    0.4104   -8542.6296  0.5295
   00326    0.4132   -8520.4400  0.5291
   00327    0.4112   -8523.9547  0.5315
   00328    0.4100   -8553.8318  0.5309
   00329    0.3984   -8525.4022  0.5384
   00330    0.4152   -8494.0778  0.5458
   00331    0.3952   -8442.3791  0.5428
   00332    0.4092   -8448.6728  0.5473
   00333    0.4168   -8424.1564  0.5561
   00334    0.4152   -8493.4800  0.5587
   00335    0.4020   -8538.7954  0.5584
   00336    0.3972   -8530.2510  0.5599
   00337    0.4244   -8562.5929  0.5602
   00338    0.4088   -8519.7393  0.5657
   00339    0.4076   -8512.1047  0.5656
   00340    0.4056   -8545.5108  0.5638
   00341    0.4068   -8553.8826  0.5625
   00342    0.3932   -8515.6328  0.5644
   00343    0.4060   -8534.0632  0.5633
   00344    0.4192   -8578.8095  0.5718
   00345    0.4052   -8486.5997  0.5725
   00346    0.4128   -8458.4765  0.5685
   00347    0.4192   -8455.4337  0.5622
   00348    0.4324   -8464.2341  0.5687
   00349    0.4140   -8484.0647  0.5700
   00350    0.4328   -8458.7095  0.5639
   00351    0.4152   -8496.7601  0.5702
   00352    0.4212   -8483.5030  0.5681
   00353    0.4072   -8482.8772  0.5705
   00354    0.4056   -8526.0421  0.5795
   00355    0.4136   -8568.1135  0.5778
   00356    0.4140   -8506.9022  0.5706
   00357    0.4076   -8498.2578  0.5695
   00358    0.4156   -8519.7542  0.5679
   00359    0.3944   -8511.6509  0.5705
   00360    0.4140   -8512.9520  0.5680
   00361    0.4144   -8527.0271  0.5684
   00362    0.4108   -8513.7871  0.5684
   00363    0.4032   -8470.9998  0.5675
   00364    0.4112   -8493.2073  0.5659
   00365    0.4260   -8483.1461  0.5710
   00366    0.4084   -8504.6016  0.5722
   00367    0.4152   -8506.3505  0.5728
   00368    0.4132   -8468.1026  0.5783
   00369    0.4128   -8461.3762  0.5771
   00370    0.3944   -8543.2295  0.5797
   00371    0.4340   -8535.2780  0.5787
   00372    0.4060   -8532.2226  0.5822
   00373    0.4120   -8516.2532  0.5828
   00374    0.4188   -8546.9737  0.5862
   00375    0.4148   -8539.1981  0.5764
   00376    0.4112   -8495.2049  0.5690
   00377    0.3992   -8512.2586  0.5691
   00378    0.4092   -8542.6193  0.5704
   00379    0.4064   -8502.8022  0.5703
   00380    0.4124   -8499.8458  0.5747
   00381    0.4252   -8522.1586  0.5730
   00382    0.4164   -8496.3914  0.5732
   00383    0.4268   -8463.3609  0.5726
   00384    0.4028   -8484.5131  0.5680
   00385    0.4036   -8543.9545  0.5730
   00386    0.3972   -8565.9337  0.5746
   00387    0.4168   -8561.3985  0.5795
   00388    0.3984   -8549.1683  0.5812
   00389    0.4064   -8489.1093  0.5761
   00390    0.4188   -8520.7717  0.5767
   00391    0.4084   -8497.8176  0.5801
   00392    0.4108   -8483.1508  0.5809
   00393    0.4100   -8468.8431  0.5830
   00394    0.4324   -8474.6486  0.5831
   00395    0.4100   -8489.7246  0.5849
   00396    0.4232   -8513.5644  0.5864
   00397    0.4032   -8503.0851  0.5906
   00398    0.3848   -8512.1011  0.5961
   00399    0.3968   -8533.8823  0.5969
   00400    0.4064   -8543.5009  0.5961
   00401    0.3776   -8496.9992  0.5922
   00402    0.4028   -8501.7533  0.5904
   00403    0.4132   -8491.9707  0.5922
   00404    0.4024   -8511.7370  0.5918
   00405    0.4108   -8515.9340  0.5928
   00406    0.3988   -8501.9944  0.5924
   00407    0.4136   -8486.7373  0.5939
   00408    0.4080   -8520.2930  0.5966
   00409    0.3980   -8501.4330  0.5919
   00410    0.4184   -8461.1705  0.5957
   00411    0.4208   -8483.1386  0.5947
   00412    0.4380   -8516.8181  0.5990
   00413    0.4168   -8511.6449  0.5983
   00414    0.4112   -8572.7946  0.6019
   00415    0.4176   -8532.8638  0.6020
   00416    0.4128   -8517.8644  0.6074
   00417    0.4068   -8537.6578  0.6085
   00418    0.4172   -8568.8932  0.6096
   00419    0.4256   -8548.2392  0.6158
   00420    0.3916   -8536.5643  0.6138
   00421    0.4108   -8546.7131  0.6173
   00422    0.4048   -8533.0801  0.6139
   00423    0.4240   -8505.1066  0.6139
   00424    0.4204   -8488.7625  0.6159
   00425    0.4184   -8519.1719  0.6214
   00426    0.4108   -8527.4099  0.6202
   00427    0.4432   -8560.4289  0.6205
   00428    0.4104   -8541.5038  0.6247
   00429    0.4028   -8534.0741  0.6242
   00430    0.4120   -8515.8485  0.6250
   00431    0.4048   -8541.8460  0.6262
   00432    0.4324   -8587.2842  0.6288
   00433    0.4112   -8587.9480  0.6284
   00434    0.4140   -8530.9099  0.6258
   00435    0.4176   -8550.5030  0.6294
   00436    0.4112   -8513.4762  0.6353
   00437    0.4088   -8525.8452  0.6369
   00438    0.4092   -8534.3362  0.6374
   00439    0.4032   -8580.4502  0.6294
   00440    0.4064   -8565.1967  0.6217
   00441    0.4020   -8529.8267  0.6260
   00442    0.4092   -8514.0576  0.6294
   00443    0.4200   -8484.5237  0.6316
   00444    0.4220   -8575.3335  0.6326
   00445    0.3912   -8549.0368  0.6404
   00446    0.3968   -8531.8386  0.6408
   00447    0.4124   -8566.2788  0.6394
   00448    0.4152   -8519.3828  0.6379
   00449    0.3988   -8559.5796  0.6317
   00450    0.4048   -8509.8417  0.6245
   00451    0.4080   -8490.8418  0.6312
   00452    0.4088   -8494.2237  0.6303
   00453    0.4208   -8515.4533  0.6315
   00454    0.3784   -8541.8432  0.6273
   00455    0.3980   -8514.0032  0.6327
   00456    0.4200   -8523.1477  0.6291
   00457    0.4168   -8514.6416  0.6313
   00458    0.4216   -8564.0132  0.6364
   00459    0.4176   -8566.7967  0.6377
   00460    0.3960   -8556.8575  0.6360
   00461    0.3948   -8548.8072  0.6399
   00462    0.4124   -8583.9547  0.6490
   00463    0.4076   -8560.5359  0.6493
   00464    0.4072   -8556.0522  0.6478
   00465    0.4148   -8561.2754  0.6461
   00466    0.4164   -8596.8854  0.6487
   00467    0.4204   -8592.2171  0.6417
   00468    0.4080   -8509.9410  0.6408
   00469    0.4148   -8501.9892  0.6438
   00470    0.4116   -8522.3735  0.6383
   00471    0.3936   -8530.4913  0.6331
   00472    0.4036   -8518.1297  0.6342
   00473    0.4124   -8526.1691  0.6385
   00474    0.4004   -8564.5225  0.6363
   00475    0.3996   -8555.6165  0.6416
   00476    0.3936   -8540.5639  0.6408
   00477    0.3924   -8523.0692  0.6393
   00478    0.4156   -8560.5335  0.6437
   00479    0.4040   -8542.0179  0.6396
   00480    0.4300   -8493.3356  0.6378
   00481    0.4060   -8481.8447  0.6393
   00482    0.3956   -8533.3078  0.6367
   00483    0.4140   -8512.1337  0.6386
   00484    0.4280   -8438.8233  0.6383
   00485    0.4116   -8501.1667  0.6396
   00486    0.3972   -8494.9169  0.6415
   00487    0.4056   -8585.5457  0.6446
   00488    0.4108   -8542.8257  0.6398
   00489    0.4244   -8558.9203  0.6425
   00490    0.4152   -8532.0063  0.6377
   00491    0.3932   -8537.4732  0.6445
   00492    0.4068   -8553.3303  0.6438
   00493    0.4284   -8566.8498  0.6488
   00494    0.4128   -8582.3529  0.6447
   00495    0.4192   -8531.7288  0.6447
   00496    0.4044   -8549.0266  0.6420
   00497    0.4220   -8474.6616  0.6399
   00498    0.4016   -8489.2461  0.6429
   00499    0.4008   -8440.9641  0.6403
   00500    0.4380   -8457.6368  0.6380
